#  n                 E_n      E_n s10 [a.u.]      E_n s21 [a.u.]      E_n s45 [a.u.]      E_n s97 [a.u.]     E_n s206 [a.u.]     E_n s440 [a.u.]     E_n s938 [a.u.]    E_n s2000 [a.u.]
   0  -7.447771143425E-1  -8.850221310091E-1  -8.184606975101E-1  -7.447949721392E-1  -7.447813429389E-1  -7.447773269139E-1  -7.447771244824E-1  -7.447771148314E-1  -7.447771143661E-1
   1  -7.323695095981E-1  -8.696665662087E-1  -7.981219701606E-1  -7.326941866766E-1  -7.323740302388E-1  -7.323697203913E-1  -7.323695196532E-1  -7.323695100829E-1  -7.323695096215E-1
   2  -7.200661269031E-1  -8.543555752522E-1  -7.783356846811E-1  -7.205347429353E-1  -7.200697124618E-1  -7.200663359182E-1  -7.200661368734E-1  -7.200661273839E-1  -7.200661269263E-1
   3  -7.078669662078E-1  -8.390897784711E-1  -7.591882978106E-1  -7.084055539912E-1  -7.078727524660E-1  -7.078671734458E-1  -7.078669760933E-1  -7.078669666844E-1  -7.078669662308E-1
   4  -6.957720274662E-1  -8.238698167148E-1  -7.407961883625E-1  -6.963366989152E-1  -6.957766775131E-1  -6.957722329165E-1  -6.957720372668E-1  -6.957720279387E-1  -6.957720274890E-1
   5  -6.837813106364E-1  -8.086963524910E-1  -7.232888180271E-1  -6.843405784896E-1  -6.837851739564E-1  -6.837815143456E-1  -6.837813203522E-1  -6.837813111048E-1  -6.837813106590E-1
   6  -6.718948156803E-1  -7.935700713832E-1  -7.067321041948E-1  -6.724252474686E-1  -6.718985422945E-1  -6.718950176658E-1  -6.718948253113E-1  -6.718948161447E-1  -6.718948157027E-1
   7  -6.601125425636E-1  -7.784916842591E-1  -6.910738534329E-1  -6.605933896638E-1  -6.601159779165E-1  -6.601127417856E-1  -6.601125521098E-1  -6.601125430239E-1  -6.601125425858E-1
   8  -6.484344912554E-1  -7.634619316667E-1  -6.762410846204E-1  -6.488498161826E-1  -6.484379181030E-1  -6.484346921217E-1  -6.484345007168E-1  -6.484344917116E-1  -6.484344912774E-1
   9  -6.368606617282E-1  -7.484815934239E-1  -6.621721449166E-1  -6.371992662481E-1  -6.368643957622E-1  -6.368608574707E-1  -6.368606711048E-1  -6.368606621803E-1  -6.368606617500E-1
  10  -6.253910539580E-1  -7.335515083497E-1  -6.487880928889E-1  -6.256455603519E-1  -6.253949071524E-1  -6.253912374521E-1  -6.253910632497E-1  -6.253910544060E-1  -6.253910539796E-1
  11  -6.140256679238E-1  -7.186726095195E-1  -6.360156885061E-1  -6.141934497539E-1  -6.140291337985E-1  -6.140258863082E-1  -6.140256771307E-1  -6.140256683677E-1  -6.140256679452E-1
  12  -6.027645036078E-1  -7.038459760601E-1  -6.237755963103E-1  -6.028470120665E-1  -6.027674842834E-1  -6.027646821570E-1  -6.027645127299E-1  -6.027645040476E-1  -6.027645036290E-1
  13  -5.916075609950E-1  -6.890728909210E-1  -6.119912149970E-1  -5.916091839516E-1  -5.916104444994E-1  -5.916077308191E-1  -5.916075700323E-1  -5.916075614308E-1  -5.916075610161E-1
  14  -5.805548400735E-1  -6.743548784985E-1  -6.005884208191E-1  -5.804812105055E-1  -5.805578051378E-1  -5.805550421273E-1  -5.805548490260E-1  -5.805548405051E-1  -5.805548400943E-1
  15  -5.696063408338E-1  -6.596936883225E-1  -5.894970733103E-1  -5.694628345489E-1  -5.696093808335E-1  -5.696065424009E-1  -5.696063497015E-1  -5.696063412614E-1  -5.696063408544E-1
  16  -5.587620632692E-1  -6.450912061516E-1  -5.786550162774E-1  -5.585533139954E-1  -5.587652407327E-1  -5.587622493563E-1  -5.587620720521E-1  -5.587620636927E-1  -5.587620632897E-1
  17  -5.480220073755E-1  -6.305493142083E-1  -5.680073201559E-1  -5.477525933277E-1  -5.480255795908E-1  -5.480221719838E-1  -5.480220160736E-1  -5.480220077949E-1  -5.480220073958E-1
  18  -5.373861731508E-1  -6.160697647636E-1  -5.575072739592E-1  -5.370605166874E-1  -5.373903737591E-1  -5.373863386735E-1  -5.373861817640E-1  -5.373861735661E-1  -5.373861731709E-1
  19  -5.268545605956E-1  -6.016541365432E-1  -5.471173528199E-1  -5.264767887495E-1  -5.268593521810E-1  -5.268547436994E-1  -5.268545691240E-1  -5.268545610068E-1  -5.268545606155E-1
  20  -5.164271697124E-1  -5.873038923391E-1  -5.368092034758E-1  -5.160015501109E-1  -5.164324286410E-1  -5.164273596610E-1  -5.164271781560E-1  -5.164271701195E-1  -5.164271697321E-1
  21  -5.061040005059E-1  -5.730204821059E-1  -5.265650031821E-1  -5.056350912095E-1  -5.061096197282E-1  -5.061041951476E-1  -5.061040088647E-1  -5.061040009090E-1  -5.061040005254E-1
  22  -4.958850529828E-1  -5.588054065366E-1  -5.163774059683E-1  -4.953775996540E-1  -4.958910337765E-1  -4.958852260093E-1  -4.958850612568E-1  -4.958850533818E-1  -4.958850530021E-1
  23  -4.857703271516E-1  -5.446602052424E-1  -5.062448682284E-1  -4.852292614156E-1  -4.857765780165E-1  -4.857704925099E-1  -4.857703353407E-1  -4.857703275464E-1  -4.857703271707E-1
  24  -4.757598230225E-1  -5.305864133348E-1  -4.961662761849E-1  -4.751898500399E-1  -4.757661451108E-1  -4.757599729918E-1  -4.757598311268E-1  -4.757598234133E-1  -4.757598230414E-1
  25  -4.658535406076E-1  -5.165855551621E-1  -4.861405923949E-1  -4.652588822038E-1  -4.658597787558E-1  -4.658536976799E-1  -4.658535486271E-1  -4.658535409942E-1  -4.658535406262E-1
  26  -4.560514799203E-1  -5.026591899901E-1  -4.761686732940E-1  -4.554357611954E-1  -4.560575494359E-1  -4.560516429312E-1  -4.560514878549E-1  -4.560514803029E-1  -4.560514799387E-1
  27  -4.463536409756E-1  -4.888089608207E-1  -4.662518866266E-1  -4.457201371607E-1  -4.463595427530E-1  -4.463538139272E-1  -4.463536488255E-1  -4.463536413541E-1  -4.463536409939E-1
  28  -4.367600237901E-1  -4.750366019976E-1  -4.563913973776E-1  -4.361117950717E-1  -4.367657153637E-1  -4.367602036109E-1  -4.367600315551E-1  -4.367600241645E-1  -4.367600238082E-1
  29  -4.272706283814E-1  -4.613439207887E-1  -4.465893746496E-1  -4.266104991247E-1  -4.272760058172E-1  -4.272708023537E-1  -4.272706360616E-1  -4.272706287517E-1  -4.272706283992E-1
  30  -4.178854547683E-1  -4.477327998291E-1  -4.368480073440E-1  -4.172161327932E-1  -4.178904443757E-1  -4.178856248704E-1  -4.178854623637E-1  -4.178854551346E-1  -4.178854547860E-1
  31  -4.086045029711E-1  -4.342052328626E-1  -4.271696047521E-1  -4.079287608969E-1  -4.086090904902E-1  -4.086046573963E-1  -4.086045104817E-1  -4.086045033333E-1  -4.086045029886E-1
  32  -3.994277730108E-1  -4.207633606500E-1  -4.175570046368E-1  -3.987484514737E-1  -3.994319878496E-1  -3.994279204002E-1  -3.994277804365E-1  -3.994277733688E-1  -3.994277730281E-1
  33  -3.903552649094E-1  -4.074094813798E-1  -4.080130614658E-1  -3.896752882166E-1  -3.903590918741E-1  -3.903554033697E-1  -3.903552722503E-1  -3.903552652633E-1  -3.903552649264E-1
  34  -3.813869786898E-1  -3.941460528117E-1  -3.985410715802E-1  -3.807092281245E-1  -3.813903702205E-1  -3.813871155544E-1  -3.813869859459E-1  -3.813869790397E-1  -3.813869787067E-1
  35  -3.725229143759E-1  -3.809757160181E-1  -3.891443927700E-1  -3.718500238824E-1  -3.725258604073E-1  -3.725230547129E-1  -3.725229215472E-1  -3.725229147217E-1  -3.725229143926E-1
  36  -3.637630719920E-1  -3.679013393357E-1  -3.798268773151E-1  -3.630973268027E-1  -3.637656058375E-1  -3.637632153199E-1  -3.637630790785E-1  -3.637630723337E-1  -3.637630720085E-1
  37  -3.551074515632E-1  -3.549260580250E-1  -3.705926242534E-1  -3.544508276681E-1  -3.551096219395E-1  -3.551076034508E-1  -3.551074585649E-1  -3.551074519008E-1  -3.551074515795E-1
  38  -3.465560531153E-1  -3.420533031352E-1  -3.614461791629E-1  -3.459103233478E-1  -3.465578605667E-1  -3.465562067280E-1  -3.465560600321E-1  -3.465560534488E-1  -3.465560531314E-1
  39  -3.381088766742E-1  -3.292868398444E-1  -3.523924595431E-1  -3.374756277400E-1  -3.381103019232E-1  -3.381090343992E-1  -3.381088835062E-1  -3.381088770036E-1  -3.381088766901E-1
  40  -3.297659222667E-1  -3.166308304784E-1  -3.434369730620E-1  -3.291465778571E-1  -3.297669775589E-1  -3.297660770730E-1  -3.297659290139E-1  -3.297659225920E-1  -3.297659222824E-1
  41  -3.215271899195E-1  -3.040899130915E-1  -3.345856326847E-1  -3.209231008675E-1  -3.215279094131E-1  -3.215273410035E-1  -3.215271965819E-1  -3.215271902408E-1  -3.215271899351E-1
  42  -3.133926796600E-1  -2.916692805704E-1  -3.258446059947E-1  -3.128051690727E-1  -3.133930944620E-1  -3.133928245116E-1  -3.133926862376E-1  -3.133926799772E-1  -3.133926796753E-1
  43  -3.053623915155E-1  -2.793747566338E-1  -3.172196029615E-1  -3.047927304675E-1  -3.053624961276E-1  -3.053625279094E-1  -3.053623980083E-1  -3.053623918286E-1  -3.053623915307E-1
  44  -2.974363255137E-1  -2.672128557434E-1  -3.087151928639E-1  -2.968857258105E-1  -2.974361194472E-1  -2.974364559483E-1  -2.974363319216E-1  -2.974363258226E-1  -2.974363255286E-1
  45  -2.896144816820E-1  -2.551907673878E-1  -3.003342650107E-1  -2.890839862016E-1  -2.896139916260E-1  -2.896146041716E-1  -2.896144880052E-1  -2.896144819869E-1  -2.896144816967E-1
  46  -2.818968600483E-1  -2.433161608083E-1  -2.920787133052E-1  -2.813872922588E-1  -2.818961172258E-1  -2.818969796339E-1  -2.818968662866E-1  -2.818968603491E-1  -2.818968600628E-1
  47  -2.742834606401E-1  -2.315967466389E-1  -2.839504051094E-1  -2.737954629349E-1  -2.742824810330E-1  -2.742835762624E-1  -2.742834667934E-1  -2.742834609368E-1  -2.742834606544E-1
  48  -2.667742834850E-1  -2.200397348597E-1  -2.759511218375E-1  -2.663083676323E-1  -2.667730658427E-1  -2.667743996156E-1  -2.667742895534E-1  -2.667742837776E-1  -2.667742834991E-1
  49  -2.593693286104E-1  -2.086516178735E-1  -2.680818895269E-1  -2.589259003615E-1  -2.593678928513E-1  -2.593694448358E-1  -2.593693345945E-1  -2.593693288989E-1  -2.593693286244E-1
  50  -2.520685960435E-1  -1.974386721961E-1  -2.603433166330E-1  -2.516479613540E-1  -2.520669744614E-1  -2.520687146661E-1  -2.520686019436E-1  -2.520685963279E-1  -2.520685960572E-1
  51  -2.448720858112E-1  -1.864078335469E-1  -2.527359633921E-1  -2.444745044732E-1  -2.448703028476E-1  -2.448722070214E-1  -2.448720916262E-1  -2.448720860915E-1  -2.448720858247E-1
  52  -2.377797979400E-1  -1.755669166347E-1  -2.452597844665E-1  -2.374054899145E-1  -2.377778643017E-1  -2.377799217241E-1  -2.377798036677E-1  -2.377797982163E-1  -2.377797979534E-1
  53  -2.307917324564E-1  -1.649240629496E-1  -2.379144425003E-1  -2.304408685568E-1  -2.307896650925E-1  -2.307918586724E-1  -2.307917380964E-1  -2.307917327285E-1  -2.307917324695E-1
  54  -2.239078893860E-1  -1.544877972887E-1  -2.306993353375E-1  -2.235805592399E-1  -2.239057200722E-1  -2.239080158078E-1  -2.239078949432E-1  -2.239078896540E-1  -2.239078893989E-1
  55  -2.171282687542E-1  -1.442678587898E-1  -2.236133381663E-1  -2.168244457210E-1  -2.171260245202E-1  -2.171283953414E-1  -2.171282742360E-1  -2.171282690182E-1  -2.171282687670E-1
  56  -2.104528705860E-1  -1.342752158715E-1  -2.166550841912E-1  -2.101724064753E-1  -2.104505690457E-1  -2.104529953256E-1  -2.104528759915E-1  -2.104528708459E-1  -2.104528705986E-1
  57  -2.038816949057E-1  -1.245219996840E-1  -2.098226846596E-1  -2.036243598758E-1  -2.038793518970E-1  -2.038818185903E-1  -2.038817002188E-1  -2.038816951615E-1  -2.038816949180E-1
  58  -1.974147417369E-1  -1.150224604329E-1  -2.031139368794E-1  -1.971802274298E-1  -1.974123842695E-1  -1.974148620211E-1  -1.974147469382E-1  -1.974147419886E-1  -1.974147417490E-1
  59  -1.910520111028E-1  -1.057932867037E-1  -1.965261530570E-1  -1.908399398977E-1  -1.910496599575E-1  -1.910521278698E-1  -1.910520161956E-1  -1.910520113504E-1  -1.910520111147E-1
  60  -1.847935030257E-1  -9.685441487584E-2  -1.900563794752E-1  -1.846034404560E-1  -1.847911748000E-1  -1.847936139817E-1  -1.847935080493E-1  -1.847935032693E-1  -1.847935030375E-1
  61  -1.786392175275E-1  -8.823064419736E-2  -1.837014451779E-1  -1.784706906043E-1  -1.786369269197E-1  -1.786393237241E-1  -1.786392225290E-1  -1.786392177670E-1  -1.786392175391E-1
  62  -1.725891546291E-1  -7.995345575876E-2  -1.774584584269E-1  -1.724416399225E-1  -1.725869215968E-1  -1.725892555987E-1  -1.725891596078E-1  -1.725891548644E-1  -1.725891546404E-1
  63  -1.666433143506E-1  -7.206521175963E-2  -1.713251851940E-1  -1.665162464171E-1  -1.666411565463E-1  -1.666434116711E-1  -1.666433192321E-1  -1.666433145818E-1  -1.666433143617E-1
  64  -1.608016967114E-1  -7.040660613013E-2  -1.653003177512E-1  -1.606944642308E-1  -1.607996268930E-1  -1.608017897222E-1  -1.608017013964E-1  -1.608016969386E-1  -1.608016967224E-1
  65  -1.550643017302E-1  -6.647170211446E-2  -1.593829552633E-1  -1.549762515560E-1  -1.550623332039E-1  -1.550643914463E-1  -1.550643061917E-1  -1.550643019533E-1  -1.550643017410E-1
  66  -1.494311294245E-1  -6.462655244644E-2  -1.535722019318E-1  -1.493615713621E-1  -1.494292759374E-1  -1.494312155410E-1  -1.494311337631E-1  -1.494311296435E-1  -1.494311294350E-1
  67  -1.439021798110E-1  -6.262177791766E-2  -1.478673014898E-1  -1.438503840113E-1  -1.439004528267E-1  -1.439022635842E-1  -1.439021841975E-1  -1.439021800259E-1  -1.439021798214E-1
  68  -1.384774529057E-1  -5.889858562601E-2  -1.422678809035E-1  -1.384426516972E-1  -1.384758619148E-1  -1.384775342533E-1  -1.384774574418E-1  -1.384774531166E-1  -1.384774529159E-1
  69  -1.331569487235E-1  -5.773531920779E-2  -1.367736711224E-1  -1.331383476536E-1  -1.331555013213E-1  -1.331570283985E-1  -1.331569533382E-1  -1.331569489302E-1  -1.331569487334E-1
  70  -1.279406672781E-1  -5.533463779261E-2  -1.313845211810E-1  -1.279374706517E-1  -1.279393705837E-1  -1.279407452987E-1  -1.279406717586E-1  -1.279406674807E-1  -1.279406672879E-1
  71  -1.228286085826E-1  -5.197005853293E-2  -1.261005747712E-1  -1.228400355527E-1  -1.228274701302E-1  -1.228286856602E-1  -1.228286127248E-1  -1.228286087811E-1  -1.228286085922E-1
  72  -1.178207726488E-1  -5.158537254772E-2  -1.209220614844E-1  -1.178460585056E-1  -1.178197957877E-1  -1.178208492572E-1  -1.178207764096E-1  -1.178207728433E-1  -1.178207726582E-1
  73  -1.129171594876E-1  -4.887253948110E-2  -1.158494542652E-1  -1.129555284943E-1  -1.129163454163E-1  -1.129172358832E-1  -1.129171630182E-1  -1.129171596780E-1  -1.129171594968E-1
  74  -1.081177691088E-1  -4.690896714763E-2  -1.108834101653E-1  -1.081684203035E-1  -1.081171225476E-1  -1.081178455105E-1  -1.081177726485E-1  -1.081177692951E-1  -1.081177691178E-1
  75  -1.034226015212E-1  -4.555971108218E-2  -1.060247911078E-1  -1.034847058431E-1  -1.034221230328E-1  -1.034226775966E-1  -1.034226052396E-1  -1.034226017034E-1  -1.034226015300E-1
  76  -9.883165673234E-2  -4.335682535001E-2  -1.012746355584E-1  -9.890437272040E-2  -9.883134284952E-2  -9.883173267690E-2  -9.883166063575E-2  -9.883165691044E-2  -9.883165674094E-2
  77  -9.434493474890E-2  -4.132544553106E-2  -9.663405538661E-2  -9.442745483765E-2  -9.434478607902E-2  -9.434501025738E-2  -9.434493870380E-2  -9.434493492292E-2  -9.434493475730E-2
  78  -8.996243557633E-2  -3.916494305779E-2  -9.210403876920E-2  -9.005401554966E-2  -8.996245015773E-2  -8.996251068329E-2  -8.996243941260E-2  -8.996243574625E-2  -8.996243558453E-2
  79  -8.568415921897E-2  -3.692089412303E-2  -8.768528673984E-2  -8.578408187190E-2  -8.568432947127E-2  -8.568423361471E-2  -8.568416282884E-2  -8.568415938480E-2  -8.568415922698E-2
  80  -8.151010568009E-2  -3.464075868193E-2  -8.337828174065E-2  -8.161762992518E-2  -8.151043009694E-2  -8.151017903741E-2  -8.151010905259E-2  -8.151010584183E-2  -8.151010568790E-2
  81  -7.744027496180E-2  -3.232266274007E-2  -7.918348463623E-2  -7.755462636807E-2  -7.744074769080E-2  -7.744034714908E-2  -7.744027815064E-2  -7.744027511945E-2  -7.744027496941E-2
  82  -7.347466706510E-2  -2.997783648704E-2  -7.510124671698E-2  -7.359506656310E-2  -7.347527829269E-2  -7.347473781752E-2  -7.347467013137E-2  -7.347466721866E-2  -7.347466707251E-2
  83  -6.961328198985E-2  -2.761556008102E-2  -7.113168958042E-2  -6.973900092885E-2  -6.961402870951E-2  -6.961335130198E-2  -6.961328496416E-2  -6.961328213933E-2  -6.961328199707E-2
  84  -6.585611973480E-2  -2.524376189192E-2  -6.727473800315E-2  -6.598651921767E-2  -6.585699152664E-2  -6.585618749626E-2  -6.585612261643E-2  -6.585611988019E-2  -6.585611974183E-2
  85  -6.220318029756E-2  -2.287024317669E-2  -6.353003677710E-2  -6.233763330514E-2  -6.220416846659E-2  -6.220324634533E-2  -6.220318307806E-2  -6.220318043886E-2  -6.220318030438E-2
  86  -5.865446367460E-2  -2.050362336275E-2  -5.989685167164E-2  -5.879229097721E-2  -5.865556261081E-2  -5.865452792693E-2  -5.865446636101E-2  -5.865446381181E-2  -5.865446368123E-2
  87  -5.520996986129E-2  -1.815309772896E-2  -5.637406952788E-2  -5.535047228989E-2  -5.521116580661E-2  -5.521003217220E-2  -5.520997248212E-2  -5.520996999441E-2  -5.520996986772E-2
  88  -5.186969885187E-2  -1.582967185596E-2  -5.296024375643E-2  -5.201222931722E-2  -5.187098640996E-2  -5.186975915586E-2  -5.186970144496E-2  -5.186969898090E-2  -5.186969885810E-2
  89  -4.863365063948E-2  -1.354623000359E-2  -4.965399229428E-2  -4.877765869675E-2  -4.863501784195E-2  -4.863370892553E-2  -4.863365323287E-2  -4.863365076442E-2  -4.863365064551E-2
  90  -4.550182521615E-2  -1.131811421013E-2  -4.645450990258E-2  -4.564677851477E-2  -4.550326265025E-2  -4.550188144618E-2  -4.550182781462E-2  -4.550182533700E-2  -4.550182522199E-2
  91  -4.247422257284E-2  -9.162902154535E-3  -4.336173399685E-2  -4.261951066743E-2  -4.247572181444E-2  -4.247427672595E-2  -4.247422515646E-2  -4.247422268959E-2  -4.247422257848E-2
  92  -3.955084269940E-2  -7.101944973037E-3  -4.037573661870E-2  -3.969586814950E-2  -3.955239109855E-2  -3.955089473836E-2  -3.955084523272E-2  -3.955084281206E-2  -3.955084270484E-2
  93  -3.673168558463E-2  -5.167581634363E-3  -3.749648997762E-2  -3.687594466243E-2  -3.673327687318E-2  -3.673173546060E-2  -3.673168803002E-2  -3.673168569321E-2  -3.673168558987E-2
  94  -3.401675121630E-2  -4.069479130988E-3  -3.472415579900E-2  -3.415980305156E-2  -3.401837169422E-2  -3.401679891299E-2  -3.401675354504E-2  -3.401675132079E-2  -3.401675122135E-2
  95  -3.140603958113E-2  -1.405167276916E-3  -3.205879269720E-2  -3.154737020437E-2  -3.140768347096E-2  -3.140608509171E-2  -3.140604177865E-2  -3.140603968153E-2  -3.140603958598E-2
  96  -2.889955066482E-2  -8.428046020687E-4  -2.950033264018E-2  -2.903863361212E-2  -2.890120466991E-2  -2.889959399105E-2  -2.889955272998E-2  -2.889955076113E-2  -2.889955066947E-2
  97  -2.649728445210E-2                 NaN  -2.704864417190E-2  -2.663371545802E-2  -2.649894290817E-2  -2.649732563101E-2  -2.649728639263E-2  -2.649728454432E-2  -2.649728445655E-2
  98  -2.419924092670E-2                 NaN  -2.470370608071E-2  -2.433263418382E-2  -2.420089139549E-2  -2.419928000460E-2  -2.419924275383E-2  -2.419924101483E-2  -2.419924093096E-2
  99  -2.200542007143E-2                 NaN  -2.246592883120E-2  -2.213531248093E-2  -2.200705678165E-2  -2.200545707261E-2  -2.200542179554E-2  -2.200542015547E-2  -2.200542007548E-2
 100  -1.991582186814E-2                 NaN  -2.033588132447E-2  -2.004181835009E-2  -1.991743404910E-2  -1.991585681354E-2  -1.991582349658E-2  -1.991582194809E-2  -1.991582187200E-2
 101  -1.793044629782E-2                 NaN  -1.831376722555E-2  -1.805223835144E-2  -1.793202702202E-2  -1.793047922572E-2  -1.793044783452E-2  -1.793044637368E-2  -1.793044630148E-2
 102  -1.604929334057E-2                 NaN  -1.639933738063E-2  -1.616648905934E-2  -1.605083477139E-2  -1.604932429238E-2  -1.604929478692E-2  -1.604929341234E-2  -1.604929334404E-2
 103  -1.427236297566E-2                 NaN  -1.459168212171E-2  -1.438462443781E-2  -1.427385635645E-2  -1.427239197847E-2  -1.427236433176E-2  -1.427236304334E-2  -1.427236297892E-2
 104  -1.259965518153E-2                 NaN  -1.288966940666E-2  -1.270672266169E-2  -1.260109553214E-2  -1.259968225473E-2  -1.259965644732E-2  -1.259965524512E-2  -1.259965518460E-2
 105  -1.103116993587E-2                 NaN  -1.129310057088E-2  -1.113269827642E-2  -1.103254884127E-2  -1.103119510632E-2  -1.103117111178E-2  -1.103116999537E-2  -1.103116993875E-2
 106  -9.566907215628E-3                 NaN  -9.802668397865E-3  -9.662662099222E-3  -9.568218733072E-3  -9.566930520232E-3  -9.566908302800E-3  -9.566907271040E-3  -9.566907218300E-3
 107  -8.206866997022E-3                 NaN  -8.418441776762E-3  -8.296585597319E-3  -8.208106305865E-3  -8.206888473783E-3  -8.206867997203E-3  -8.206867048339E-3  -8.206866999495E-3
 108  -6.951049255621E-3                 NaN  -7.139906854016E-3  -7.034491826083E-3  -6.952209757789E-3  -6.951068935526E-3  -6.951050170879E-3  -6.951049302855E-3  -6.951049257900E-3
 109  -5.799453966362E-3                 NaN  -5.966609327244E-3  -5.876420620526E-3  -5.800530566748E-3  -5.799471872374E-3  -5.799454798748E-3  -5.799454009507E-3  -5.799453968447E-3
 110  -4.752081103603E-3                 NaN  -4.899196422345E-3  -4.822364916071E-3  -4.753070024555E-3  -4.752097253998E-3  -4.752081854911E-3  -4.752081142653E-3  -4.752081105487E-3
 111  -3.808930641131E-3                 NaN  -3.937780685502E-3  -3.872360956600E-3  -3.809827608407E-3  -3.808945052582E-3  -3.808931312768E-3  -3.808930676098E-3  -3.808930642819E-3
 112  -2.970002552265E-3                 NaN  -3.081278226213E-3  -3.026424205312E-3  -2.970803327750E-3  -2.970015240767E-3  -2.970003145155E-3  -2.970002583139E-3  -2.970002553751E-3
 113  -1.078552253712E-3                 NaN  -1.142286513978E-3  -2.284559193251E-3  -1.079046766935E-3  -1.078559853160E-3  -1.078552612172E-3  -1.078552272315E-3  -1.078552254609E-3
 114  -6.565133838516E-4                 NaN                 NaN  -1.646810036589E-3  -6.569013907148E-4  -6.565193056500E-4  -6.565136639366E-4  -6.565133983667E-4  -6.565133845542E-4
