#  n     ΔE_n s10 [a.u.]     ΔE_n s21 [a.u.]     ΔE_n s45 [a.u.]     ΔE_n s97 [a.u.]    ΔE_n s206 [a.u.]    ΔE_n s440 [a.u.]    ΔE_n s938 [a.u.]   ΔE_n s2000 [a.u.]
   0   1.402450166666E-1   7.368358316761E-2   1.785779667074E-5   4.228596356626E-6   2.125713576273E-7   1.013992734222E-8  4.889142424247E-10  2.359556994236E-11
   1   1.372970566107E-1   6.575246056253E-2   3.246770785230E-4   4.520640704664E-6   2.107932528528E-7   1.005511385266E-8  4.848250689804E-10  2.340350135910E-11
   2   1.342894483490E-1   5.826955777794E-2   4.686160321208E-4   3.585558664643E-6   2.090150728051E-7   9.970294811978E-9  4.807367837145E-10  2.320055259020E-11
   3   1.312228122634E-1   5.132133160280E-2   5.385877834306E-4   5.786258239104E-6   2.072380098639E-7   9.885470886317E-9  4.766427252889E-10  2.300148960188E-11
   4   1.280977892486E-1   4.502416089633E-2   5.646714490549E-4   4.650046936505E-6   2.054503739357E-7   9.800652511771E-9  4.725545510453E-10  2.280786670639E-11
   5   1.249150418546E-1   3.950750739072E-2   5.592678532281E-4   3.863320002906E-6   2.037092000640E-7   9.715839577318E-9  4.684662657795E-10  2.261313358787E-11
   6   1.216752557029E-1   3.483728851452E-2   5.304317883005E-4   3.726614189681E-6   2.019854649093E-7   9.631021646861E-9  4.643726514431E-10  2.241229424271E-11
   7   1.183791416955E-1   3.096131086934E-2   4.808471002098E-4   3.435352887937E-6   1.992219977875E-7   9.546208934452E-9  4.602903613815E-10  2.221622885656E-11
   8   1.150274404114E-1   2.780659336499E-2   4.153249271902E-4   3.426847592136E-6   2.008662858266E-7   9.461385341858E-9  4.561969690897E-10  2.201905324739E-11
   9   1.116209316957E-1   2.531148318836E-2   3.386045199311E-4   3.734033973801E-6   1.957425111998E-7   9.376567633446E-9  4.521089058684E-10  2.182154457131E-11
  10   1.081604543918E-1   2.339703893096E-2   2.545063938955E-4   3.853194444625E-6   1.834941423251E-7   9.291750036056E-9  4.480164017551E-10  2.162314771681E-11
  11   1.046469415957E-1   2.199002058233E-2   1.677818301254E-4   3.465874750641E-6   2.183844466375E-7   9.206932438666E-9  4.439290046676E-10  2.142919175441E-11
  12   1.010814724523E-1   2.101109270250E-2   8.250845874302E-5   2.980675662956E-6   1.785492692585E-7   9.122115063320E-9  4.398419406471E-10  2.123501374740E-11
  13   9.746532992593E-2   2.038365400197E-2   1.622956572467E-6   2.883504336415E-6   1.698241106629E-7   9.037298243086E-9  4.357494365337E-10  2.103495155836E-11
  14   9.380003842503E-2   2.003358074566E-2   7.362956795132E-5   2.965064352156E-6   2.020538183434E-7   8.952481200808E-9  4.316573765095E-10  2.083888617221E-11
  15   9.008734748873E-2   1.989073247654E-2   1.435062848575E-4   3.039999686982E-6   2.015670612643E-7   8.867659162526E-9  4.275653164854E-10  2.063715864864E-11
  16   8.632914288236E-2   1.989295300816E-2   2.087492738638E-4   3.177463447690E-6   1.860870340042E-7   8.782841787180E-9  4.234785855317E-10  2.043964997256E-11
  17   8.252730683275E-2   1.998531278041E-2   2.694140478373E-4   3.572215253045E-6   1.646083069851E-7   8.698025411036E-9  4.193921876450E-10  2.024735934469E-11
  18   7.868359161277E-2   2.012110080832E-2   3.256564634713E-4   4.200608247684E-6   1.655226730124E-7   8.613208812847E-9  4.153055677136E-10  2.004840737868E-11
  19   7.479957594760E-2   2.026279222431E-2   3.777718460581E-4   4.791585363040E-6   1.831037806932E-7   8.528392547724E-9  4.112087337305E-10  1.984878927885E-11
  20   7.087672262668E-2   2.038203376336E-2   4.256196015319E-4   5.258928579499E-6   1.899486130608E-7   8.443570953531E-9  4.071231129998E-10  1.965427820494E-11
  21   6.691648159995E-2   2.046100267621E-2   4.689092964643E-4   5.619222237407E-6   1.946416527954E-7   8.358754466364E-9  4.030368261354E-10  1.945843486340E-11
  22   6.292035355373E-2   2.049235298552E-2   5.074533287878E-4   5.980793644611E-6   1.730264900801E-7   8.273938589820E-9  3.989406027749E-10  1.925687387327E-11
  23   5.888987809076E-2   2.047454107679E-2   5.410657360019E-4   6.250864859392E-6   1.653583406314E-7   8.189117439716E-9  3.948550375554E-10  1.905992030871E-11
  24   5.482659031231E-2   2.040645316233E-2   5.699729826207E-4   6.322088322797E-6   1.499693279561E-7   8.104301618683E-9  3.907641432654E-10  1.886774070314E-11
  25   5.073201455456E-2   2.028705178733E-2   5.946584037658E-4   6.238148239912E-6   1.570722873989E-7   8.019480857158E-9  3.866736375535E-10  1.866390375582E-11
  26   4.660771006978E-2   2.011719337369E-2   6.157187248410E-4   6.069515582796E-6   1.630109001671E-7   7.934665091636E-9  3.825883498898E-10  1.847000330457E-11
  27   4.245531984506E-2   1.989824565099E-2   6.335038149181E-4   5.901777351547E-6   1.729515524129E-7   7.849844496643E-9  3.784925706185E-10  1.827016316014E-11
  28   3.827657820748E-2   1.963137358746E-2   6.482287184499E-4   5.691573578381E-6   1.798207652781E-7   7.765029452766E-9  3.744079490886E-10  1.807498595241E-11
  29   3.407329240737E-2   1.931874626827E-2   6.601292566635E-4   5.377435803089E-6   1.739723171079E-7   7.680208968797E-9  3.703122808396E-10  1.787364700689E-11
  30   2.984734506078E-2   1.896255257564E-2   6.693219751353E-4   4.989607335248E-6   1.701020276856E-7   7.595394257986E-9  3.662279368655E-10  1.768257762436E-11
  31   2.560072989152E-2   1.856510178095E-2   6.757420741994E-4   4.587519114307E-6   1.544251370666E-7   7.510573885039E-9  3.621380972874E-10  1.748523548173E-11
  32   2.133558763926E-2   1.812923162600E-2   6.793215370491E-4   4.214838793482E-6   1.473893820880E-7   7.425759396273E-9  3.580484797538E-10  1.728694964953E-11
  33   1.705421647044E-2   1.765779655649E-2   6.799766927613E-4   3.826964712295E-6   1.384603566246E-7   7.340939356393E-9  3.539588622203E-10  1.708805319467E-11
  34   1.275907412191E-2   1.715409289033E-2   6.777505653276E-4   3.391530694452E-6   1.368646129762E-7   7.256125089672E-9  3.498695222426E-10  1.689409723227E-11
  35   8.452801642266E-3   1.662147839407E-2   6.728904935085E-4   2.946031449180E-6   1.403370388786E-7   7.171305715925E-9  3.457805708429E-10  1.669381299862E-11
  36   4.138267343681E-3   1.606380532314E-2   6.657451893045E-4   2.533845546770E-6   1.433279427920E-7   7.086480735552E-9  3.416862348615E-10  1.649286263117E-11
  37   1.813935382711E-4   1.548517269017E-2   6.566238951248E-4   2.170376274535E-6   1.518875737960E-7   7.001666968431E-9  3.375972279507E-10  1.629651968926E-11
  38   4.502749980025E-3   1.489012604768E-2   6.457297674829E-4   1.807451405877E-6   1.536127815505E-7   6.916847761218E-9  3.335086096179E-10  1.609945510239E-11
  39   8.822036829792E-3   1.428358286894E-2   6.332489342429E-4   1.425248978670E-6   1.577249926776E-7   6.832034160631E-9  3.294199912851E-10  1.590716447453E-11
  40   1.313509178822E-2   1.367105079529E-2   6.193444095249E-4   1.055292186247E-6   1.548062867895E-7   6.747215175462E-9  3.253261549041E-10  1.570332752721E-11
  41   1.743727682801E-2   1.305844276513E-2   6.040890520125E-4   7.194935471300E-7   1.510839884311E-7   6.662390805712E-9  3.212377586159E-10  1.550937156480E-11
  42   2.172339908961E-2   1.245192633470E-2   5.875105873352E-4   4.148019357997E-7   1.448515618008E-7   6.577566824539E-9  3.171495288612E-10  1.531480497974E-11
  43   2.598763488170E-2   1.185721144595E-2   5.696610480661E-4   1.046120439718E-7   1.363938119114E-7   6.492754001108E-9  3.130617987068E-10  1.511413216804E-11
  44   3.022346977029E-2   1.127886735022E-2   5.505997031789E-4   2.060664723302E-7   1.304346119446E-7   6.407968489164E-9  3.089740130413E-10  1.491823331534E-11
  45   3.442371429420E-2   1.071978332865E-2   5.304954804372E-4   4.900560122145E-7   1.224895697649E-7   6.323177648149E-9  3.048807872830E-10  1.471600619141E-11
  46   3.858069923998E-2   1.018185325694E-2   5.095677894444E-4   7.428225243244E-7   1.195856104141E-7   6.238293992489E-9  3.007933346844E-10  1.452410414160E-11
  47   4.268671400120E-2   9.666944469275E-3   4.879977051589E-4   9.796070545298E-7   1.156223316534E-7   6.153279163978E-9  2.967057710634E-10  1.432587382055E-11
  48   4.673454862528E-2   9.176838352463E-3   4.659158527252E-4   1.217642347673E-6   1.161306195097E-7   6.068412383708E-9  2.926132114389E-10  1.412697736569E-11
  49   5.071771073695E-2   8.712560916526E-3   4.434282489528E-4   1.435759120094E-6   1.162253811526E-7   5.984114315183E-9  2.885205407921E-10  1.393268833638E-11
  50   5.462992384742E-2   8.274720589503E-3   4.206346895021E-4   1.621582093991E-6   1.186226479266E-7   5.900144539606E-9  2.844335877938E-10  1.373223756929E-11
  51   5.846425226426E-2   7.863877580948E-3   3.975813379639E-4   1.782963610752E-6   1.212102174741E-7   5.815064874071E-9  2.803415277697E-10  1.353112066838E-11
  52   6.221288130536E-2   7.479986526432E-3   3.743080255088E-4   1.933638303253E-6   1.237840310253E-7   5.727682217405E-9  2.762547968160E-10  1.334010679699E-11
  53   6.586766950677E-2   7.122710043964E-3   3.508638995739E-4   2.067363902236E-6   1.262159957105E-7   5.639993638784E-9  2.721628478142E-10  1.314304221012E-11
  54   6.942009209727E-2   6.791445951546E-3   3.273301460565E-4   2.169313748468E-6   1.264218602026E-7   5.557266313794E-9  2.680766164609E-10  1.294522822270E-11
  55   7.286040996444E-2   6.485069412052E-3   3.038230332204E-4   2.244234058091E-6   1.265871828471E-7   5.481803178053E-9  2.639849172592E-10  1.274658156802E-11
  56   7.617765471451E-2   6.202213605204E-3   2.804641106851E-4   2.301540329486E-6   1.247395438053E-7   5.405448533224E-9  2.598934401021E-10  1.254735204625E-11
  57   7.935969522164E-2   5.940989753900E-3   2.573350298529E-4   2.343008705552E-6   1.236846521868E-7   5.313176731914E-9  2.558021572341E-10  1.234728985722E-11
  58   8.239228130399E-2   5.699195142557E-3   2.345143071048E-4   2.357467378755E-6   1.202842586090E-7   5.201317487824E-9  2.517109853883E-10  1.215189060488E-11
  59   8.525872439901E-2   5.474141954229E-3   2.120712050754E-4   2.351145238499E-6   1.167669915758E-7   5.092795130057E-9  2.476253646577E-10  1.195576970758E-11
  60   8.793908814989E-2   5.262876449474E-3   1.900625697595E-4   2.328225722437E-6   1.109559784329E-7   5.023562898998E-9  2.435399659717E-10  1.175898267647E-11
  61   9.040857333015E-2   5.062227650417E-3   1.685269232019E-4   2.290607772237E-6   1.061965629323E-7   5.001464464804E-9  2.394437426112E-10  1.156147400039E-11
  62   9.263569887031E-2   4.869303797824E-3   1.475147065962E-4   2.233032229071E-6   1.009695958509E-7   4.978753798124E-9  2.353587880144E-10  1.136329919049E-11
  63   9.457810259095E-2   4.681870843399E-3   1.270679335277E-4   2.157804254610E-6   9.732054678802E-8   4.881554493963E-9  2.312627034318E-10  1.116412517987E-11
  64   9.039509058132E-2   4.498621039735E-3   1.072324806620E-4   2.069818402173E-6   9.301071235424E-8   4.684968080149E-9  2.271723920089E-10  1.096445156890E-11
  65   8.859259961572E-2   4.318653533083E-3   8.805017416402E-5   1.968526267826E-6   8.971606837993E-8   4.461481184492E-9  2.230878259901E-10  1.076960742807E-11
  66   8.480457697802E-2   4.141072507377E-3   6.955806231512E-5   1.853487046288E-6   8.611656227009E-8   4.338606751642E-9  2.189977088563E-10  1.057365306423E-11
  67   8.128040189337E-2   3.965121678723E-3   5.179579969633E-5   1.726984297901E-6   8.377316118580E-8   4.386452590044E-9  2.149080358116E-10  1.037714358887E-11
  68   7.957886727973E-2   3.790427997723E-3   3.480120849086E-5   1.590990895139E-6   8.134753248790E-8   4.536048758830E-9  2.108183072558E-10  1.018005124642E-11
  69   7.542162951567E-2   3.616722398966E-3   1.860106985158E-5   1.447402125571E-6   7.967504397910E-8   4.614728432717E-9  2.067288562557E-10  9.982070725556E-12
  70   7.260602948550E-2   3.443853902934E-3   3.196626405411E-6   1.296694376651E-6   7.802054663442E-8   4.480499249393E-9  2.026392942334E-10  9.783396315299E-12
  71   7.085855004966E-2   3.271966188595E-3   1.142697008524E-5   1.138452397575E-6   7.707764593246E-8   4.142178933186E-9  1.985446251851E-10  9.583889237774E-12
  72   6.623540010108E-2   3.101288835567E-3   2.528585683684E-5   9.768610591682E-7   7.660843046042E-8   3.760761868588E-9  1.944610028559E-10  9.389267141557E-12
  73   6.404462000650E-2   2.932294777603E-3   3.836900665719E-5   8.140712560167E-7   7.639561547257E-8   3.530564646193E-9  1.903720514562E-10  9.193826255860E-12
  74   6.120880196118E-2   2.765641056435E-3   5.065119463749E-5   6.465612624046E-7   7.640166133083E-8   3.539728565816E-9  1.862778820083E-10  8.992223632376E-12
  75   5.786289043899E-2   2.602189586672E-3   6.210432195480E-5   4.784883318176E-7   7.607541402388E-8   3.718469226976E-9  1.821947037683E-10  8.800821182930E-12
  76   5.547483138233E-2   2.442978826025E-3   7.271598805554E-5   3.138828275490E-7   7.594455643523E-8   3.903407444494E-9  1.781007979984E-10  8.597747513939E-12
  77   5.301948921785E-2   2.289120637706E-3   8.252008874891E-5   1.486698887887E-7   7.550847623550E-8   3.954892038860E-9  1.740124294658E-10  8.399336781650E-12
  78   5.079749251853E-2   2.141603192875E-3   9.157997333134E-5   1.458140733157E-8   7.510696081736E-8   3.836275269675E-9  1.699242829778E-10  8.205713886156E-12
  79   4.876326509594E-2   2.001127520871E-3   9.992265293048E-5   1.702523023533E-7   7.439573744550E-8   3.609869611565E-9  1.658307657859E-10  8.005859863935E-12
  80   4.686934699816E-2   1.868176060560E-3   1.075242450886E-4   3.244168555600E-7   7.335732438163E-8   3.372496976128E-9  1.617428552203E-10  7.810835311872E-12
  81   4.511761222172E-2   1.743209674438E-3   1.143514062778E-4   4.727290050244E-7   7.218728562131E-8   3.188844133195E-9  1.576551944549E-10  7.615047481480E-12
  82   4.349683057805E-2   1.626579651884E-3   1.203994980041E-4   6.112275970360E-7   7.075241884036E-8   3.066267628693E-9  1.535620380855E-10  7.412903624271E-12
  83   4.199772190883E-2   1.518407590568E-3   1.257189389976E-4   7.467196540267E-7   6.931212696848E-8   2.974306301251E-9  1.494745993647E-10  7.215561481644E-12
  84   4.061235784288E-2   1.418618268347E-3   1.303994828703E-4   8.717918352497E-7   6.776145422549E-8   2.881628519136E-9  1.453873965662E-10  7.023104320325E-12
  85   3.933293712087E-2   1.326856479538E-3   1.344530075787E-4   9.881690309077E-7   6.604776946195E-8   2.780494473553E-9  1.412947120416E-10  6.818837161582E-12
  86   3.815084031185E-2   1.242387997036E-3   1.378273026100E-4   1.098936203578E-6   6.425232776386E-8   2.686411329500E-9  1.372022634394E-10  6.624797932453E-12
  87   3.705687213233E-2   1.164099666590E-3   1.405024285984E-4   1.195945321414E-6   6.231090721176E-8   2.620831635047E-9  1.331154214634E-10  6.424527576598E-12
  88   3.604002699592E-2   1.090544904560E-3   1.425304653426E-4   1.287558085539E-6   6.030398606860E-8   2.593087231051E-9  1.290233614393E-10  6.228989546386E-12
  89   3.508742063589E-2   1.020341654794E-3   1.440080572680E-4   1.367202465116E-6   5.828604400515E-8   2.593386894123E-9  1.249368941636E-10  6.032799260147E-12
  90   3.418371100602E-2   9.526846864276E-4   1.449532986202E-4   1.437434097362E-6   5.623002163890E-8   2.598461890102E-9  1.208450006729E-10  5.835873451154E-12
  91   3.331132041830E-2   8.875114240175E-4   1.452880945932E-4   1.499241601172E-6   5.415311069012E-8   2.583626784736E-9  1.167533153490E-10  5.638156608256E-12
  92   3.244889772636E-2   8.248939193007E-4   1.450254501007E-4   1.548399152576E-6   5.203896188966E-8   2.533325230147E-9  1.126672366514E-10  5.439690364817E-12
  93   3.156410395027E-2   7.648043929836E-4   1.442590777935E-4   1.591288551622E-6   4.987596798067E-8   2.445391292238E-9  1.085758288832E-10  5.240474720836E-12
  94   2.994727208531E-2   7.074045826958E-4   1.430518352570E-4   1.620477920142E-6   4.769668580928E-8   2.328740630886E-9  1.044899999858E-10  5.045991402497E-12
  95   3.000087230422E-2   6.527531160651E-4   1.413306232408E-4   1.643889827249E-6   4.551057802837E-8   2.197524037739E-9  1.003989114068E-10  4.845332468584E-12
  96   2.805674606276E-2   6.007819753565E-4   1.390829472930E-4   1.654005090349E-6   4.332622702968E-8   2.065153374697E-9  9.630797548343E-11  4.649419738101E-12
  97                 NaN   5.513597197981E-4   1.364310059197E-4   1.658456068934E-6   4.117890230193E-8   1.940528168709E-9  9.221718527685E-11  4.447407719876E-12
  98                 NaN   5.044651540081E-4   1.333932571173E-4   1.650468789915E-6   3.907789721674E-8   1.827127379950E-9  8.813199475766E-11  4.255470975600E-12
  99                 NaN   4.605087597727E-4   1.298924095029E-4   1.636710224753E-6   3.700118466482E-8   1.724113893320E-9  8.404148904573E-11  4.057330860174E-12
 100                 NaN   4.200594563327E-4   1.259964819548E-4   1.612180957046E-6   3.494540053856E-8   1.628441097246E-9  7.995112211168E-11  3.858441344207E-12
 101                 NaN   3.833209277370E-4   1.217920536252E-4   1.580724204128E-6   3.292790090592E-8   1.536706858984E-9  7.586089395550E-11  3.664291092775E-12
 102                 NaN   3.500440400608E-4   1.171957187650E-4   1.541430819103E-6   3.095180350215E-8   1.446351080570E-9  7.177083233278E-11  3.463937470194E-12
 103                 NaN   3.193191460539E-4   1.122614621517E-4   1.493380791886E-6   2.900281551553E-8   1.356104907188E-9  6.768096673382E-11  3.268363010789E-12
 104                 NaN   2.900142251324E-4   1.070674801645E-4   1.440350607352E-6   2.707319726562E-8   1.265793249730E-9  6.359124858635E-11  3.072058232800E-12
 105                 NaN   2.619306350114E-4   1.015283405495E-4   1.378905401157E-6   2.517044227213E-8   1.175908433126E-9  5.950160850143E-11  2.874939869502E-12
 106                 NaN   2.357611822367E-4   9.575488359417E-5   1.311517444548E-6   2.330460425505E-8   1.087172369491E-9  5.541215750138E-11  2.671694462886E-12
 107                 NaN   2.115747797399E-4   8.971860029756E-5   1.239308842872E-6   2.147676067196E-8   1.000181392569E-9  5.131743641140E-11  2.473275056980E-12
 108                 NaN   1.888575983952E-4   8.344257046183E-5   1.160502167505E-6   1.967990469805E-8  9.152580733238E-10  4.723369178422E-11  2.279408432837E-12
 109                 NaN   1.671553608815E-4   7.696665416343E-5   1.076600385474E-6   1.790601217126E-8  8.323862207144E-10  4.314477941580E-11  2.084922512413E-12
 110                 NaN   1.471153187424E-4   7.028381246804E-5   9.889209526028E-7   1.615039518961E-8  7.513086021371E-10  3.905049113934E-11  1.884126535345E-12
 111                 NaN   1.288500443708E-4   6.343031546926E-5   8.969672761604E-7   1.441145130489E-8  6.716369561205E-10  3.496732070563E-11  1.688173038861E-12
 112                 NaN   1.112756739472E-4   5.642165304681E-5   8.007754843777E-7   1.268850205807E-8  5.928897529178E-10  3.087327702517E-11  1.485931169776E-12
 113                 NaN   6.373426026609E-5   1.206006939539E-3   4.945132229398E-7   7.599448302630E-9  3.584596642951E-10  1.860308174867E-11  8.967759260875E-13
 114                 NaN                 NaN   9.902966527370E-4   3.880068631498E-7   5.921798416865E-9  2.800850349175E-10  1.451512987496E-11  7.025576951800E-13
