#  n    E_n (l=0) [a.u.]   E_n (l=10) [a.u.]
   0  -7.447771143425E-1  -7.437242202472E-1
   1  -7.323695095981E-1  -7.313230972965E-1
   2  -7.200661269031E-1  -7.190262102767E-1
   3  -7.078669662078E-1  -7.068335592305E-1
   4  -6.957720274662E-1  -6.947451442075E-1
   5  -6.837813106364E-1  -6.827609652639E-1
   6  -6.718948156803E-1  -6.708810224625E-1
   7  -6.601125425636E-1  -6.591053158727E-1
   8  -6.484344912554E-1  -6.474338455703E-1
   9  -6.368606617282E-1  -6.358666116378E-1
  10  -6.253910539580E-1  -6.244036141641E-1
  11  -6.140256679238E-1  -6.130448532444E-1
  12  -6.027645036078E-1  -6.017903289806E-1
  13  -5.916075609950E-1  -5.906400414808E-1
  14  -5.805548400735E-1  -5.795939908596E-1
  15  -5.696063408338E-1  -5.686521772382E-1
  16  -5.587620632692E-1  -5.578146007439E-1
  17  -5.480220073755E-1  -5.470812615107E-1
  18  -5.373861731508E-1  -5.364521596791E-1
  19  -5.268545605956E-1  -5.259272953958E-1
  20  -5.164271697124E-1  -5.155066688144E-1
  21  -5.061040005059E-1  -5.051902800950E-1
  22  -4.958850529828E-1  -4.949781294041E-1
  23  -4.857703271516E-1  -4.848702169151E-1
  24  -4.757598230225E-1  -4.748665428083E-1
  25  -4.658535406076E-1  -4.649671072706E-1
  26  -4.560514799203E-1  -4.551719104960E-1
  27  -4.463536409756E-1  -4.454809526854E-1
  28  -4.367600237901E-1  -4.358942340471E-1
  29  -4.272706283814E-1  -4.264117547964E-1
  30  -4.178854547683E-1  -4.170335151563E-1
  31  -4.086045029711E-1  -4.077595153570E-1
  32  -3.994277730108E-1  -3.985897556368E-1
  33  -3.903552649094E-1  -3.895242362415E-1
  34  -3.813869786898E-1  -3.805629574254E-1
  35  -3.725229143759E-1  -3.717059194508E-1
  36  -3.637630719920E-1  -3.629531225884E-1
  37  -3.551074515632E-1  -3.543045671180E-1
  38  -3.465560531153E-1  -3.457602533281E-1
  39  -3.381088766742E-1  -3.373201815165E-1
  40  -3.297659222667E-1  -3.289843519906E-1
  41  -3.215271899195E-1  -3.207527650677E-1
  42  -3.133926796600E-1  -3.126254210751E-1
  43  -3.053623915155E-1  -3.046023203508E-1
  44  -2.974363255137E-1  -2.966834632438E-1
  45  -2.896144816820E-1  -2.888688501144E-1
  46  -2.818968600483E-1  -2.811584813346E-1
  47  -2.742834606401E-1  -2.735523572888E-1
  48  -2.667742834850E-1  -2.660504783741E-1
  49  -2.593693286104E-1  -2.586528450009E-1
  50  -2.520685960435E-1  -2.513594575935E-1
  51  -2.448720858112E-1  -2.441703165908E-1
  52  -2.377797979400E-1  -2.370854224467E-1
  53  -2.307917324564E-1  -2.301047756312E-1
  54  -2.239078893860E-1  -2.232283766307E-1
  55  -2.171282687542E-1  -2.164562259494E-1
  56  -2.104528705860E-1  -2.097883241096E-1
  57  -2.038816949057E-1  -2.032246716529E-1
  58  -1.974147417369E-1  -1.967652691412E-1
  59  -1.910520111028E-1  -1.904101171579E-1
  60  -1.847935030257E-1  -1.841592163089E-1
  61  -1.786392175275E-1  -1.780125672238E-1
  62  -1.725891546291E-1  -1.719701705574E-1
  63  -1.666433143506E-1  -1.660320269913E-1
  64  -1.608016967114E-1  -1.601981372352E-1
  65  -1.550643017302E-1  -1.544685020285E-1
  66  -1.494311294245E-1  -1.488431221427E-1
  67  -1.439021798110E-1  -1.433219983828E-1
  68  -1.384774529057E-1  -1.379051315899E-1
  69  -1.331569487235E-1  -1.325925226432E-1
  70  -1.279406672781E-1  -1.273841724628E-1
  71  -1.228286085826E-1  -1.222800820126E-1
  72  -1.178207726488E-1  -1.172802523029E-1
  73  -1.129171594876E-1  -1.123846843941E-1
  74  -1.081177691088E-1  -1.075933794002E-1
  75  -1.034226015212E-1  -1.029063384930E-1
  76  -9.883165673234E-2  -9.832356290620E-2
  77  -9.434493474890E-2  -9.384505394028E-2
  78  -8.996243557633E-2  -8.947081296803E-2
  79  -8.568415921897E-2  -8.520084144029E-2
  80  -8.151010568009E-2  -8.103514089253E-2
  81  -7.744027496180E-2  -7.697371295214E-2
  82  -7.347466706510E-2  -7.301655934654E-2
  83  -6.961328198985E-2  -6.916368191218E-2
  84  -6.585611973480E-2  -6.541508260476E-2
  85  -6.220318029756E-2  -6.177076351060E-2
  86  -5.865446367460E-2  -5.823072685956E-2
  87  -5.520996986129E-2  -5.479497503958E-2
  88  -5.186969885187E-2  -5.146351061324E-2
  89  -4.863365063948E-2  -4.823633633669E-2
  90  -4.550182521615E-2  -4.511345518126E-2
  91  -4.247422257284E-2  -4.209487035838E-2
  92  -3.955084269940E-2  -3.918058534834E-2
  93  -3.673168558463E-2  -3.637060393381E-2
  94  -3.401675121630E-2  -3.366493023883E-2
  95  -3.140603958113E-2  -3.106356877484E-2
  96  -2.889955066482E-2  -2.856652449495E-2
  97  -2.649728445210E-2  -2.617380285867E-2
  98  -2.419924092670E-2  -2.388540990951E-2
  99  -2.200542007143E-2  -2.170135236890E-2
 100  -1.991582186814E-2  -1.962163775069E-2
 101  -1.793044629782E-2  -1.764627450230E-2
 102  -1.604929334057E-2  -1.577527218041E-2
 103  -1.427236297566E-2  -1.400864167238E-2
 104  -1.259965518153E-2  -1.234639547876E-2
 105  -1.103116993587E-2  -1.078854807935E-2
 106  -9.566907215628E-3  -9.335116415185E-3
 107  -8.206866997022E-3  -7.986120535251E-3
 108  -6.951049255621E-3  -6.741584483058E-3
 109  -5.799453966362E-3  -5.601537542736E-3
 110  -4.752081103603E-3  -4.566016042190E-3
 111  -3.808930641131E-3  -3.635066054653E-3
 112  -2.970002552265E-3  -2.808747619995E-3
 113  -1.078552253712E-3  -2.087141693315E-3
 114  -6.565133838516E-4  -5.520738888363E-4
