#             e [au]            f [a.u.]
  -7.510191731594E-1    1.000000000000E0
  -7.502674022153E-1    1.000000000000E0
  -7.495156312712E-1    1.000000000000E0
  -7.487638603271E-1    1.000000000000E0
  -7.480120893830E-1    1.000000000000E0
  -7.472603184389E-1    1.000000000000E0
  -7.465085474948E-1    1.000000000000E0
  -7.457567765507E-1    1.000000000000E0
  -7.450050056066E-1    1.000000000000E0
  -7.442532346625E-1   -1.000000000000E0
  -7.435014637184E-1   -1.000000000000E0
  -7.427496927742E-1   -1.000000000000E0
  -7.419979218301E-1   -1.000000000000E0
  -7.412461508860E-1   -1.000000000000E0
  -7.404943799419E-1   -1.000000000000E0
  -7.397426089978E-1   -1.000000000000E0
  -7.389908380537E-1   -1.000000000000E0
  -7.382390671096E-1   -1.000000000000E0
  -7.374872961655E-1   -1.000000000000E0
  -7.367355252214E-1   -1.000000000000E0
  -7.359837542773E-1   -1.000000000000E0
  -7.352319833332E-1   -1.000000000000E0
  -7.344802123891E-1   -1.000000000000E0
  -7.337284414450E-1   -1.000000000000E0
  -7.329766705009E-1   -1.000000000000E0
  -7.322248995568E-1    1.000000000000E0
  -7.314731286127E-1    1.000000000000E0
  -7.307213576686E-1    1.000000000000E0
  -7.299695867245E-1    1.000000000000E0
  -7.292178157804E-1    1.000000000000E0
  -7.284660448363E-1    1.000000000000E0
  -7.277142738922E-1    1.000000000000E0
  -7.269625029481E-1    1.000000000000E0
  -7.262107320040E-1    1.000000000000E0
  -7.254589610599E-1    1.000000000000E0
  -7.247071901158E-1    1.000000000000E0
  -7.239554191717E-1    1.000000000000E0
  -7.232036482276E-1    1.000000000000E0
  -7.224518772835E-1    1.000000000000E0
  -7.217001063393E-1    1.000000000000E0
  -7.209483353952E-1    1.000000000000E0
  -7.201965644511E-1    1.000000000000E0
  -7.194447935070E-1   -1.000000000000E0
  -7.186930225629E-1   -1.000000000000E0
  -7.179412516188E-1   -1.000000000000E0
  -7.171894806747E-1   -1.000000000000E0
  -7.164377097306E-1   -1.000000000000E0
  -7.156859387865E-1   -1.000000000000E0
  -7.149341678424E-1   -1.000000000000E0
  -7.141823968983E-1   -1.000000000000E0
  -7.134306259542E-1   -1.000000000000E0
  -7.126788550101E-1   -1.000000000000E0
  -7.119270840660E-1   -1.000000000000E0
  -7.111753131219E-1   -1.000000000000E0
  -7.104235421778E-1   -1.000000000000E0
  -7.096717712337E-1   -1.000000000000E0
  -7.089200002896E-1   -1.000000000000E0
  -7.081682293455E-1   -1.000000000000E0
  -7.074164584014E-1    1.000000000000E0
  -7.066646874573E-1    1.000000000000E0
  -7.059129165132E-1    1.000000000000E0
  -7.051611455691E-1    1.000000000000E0
  -7.044093746250E-1    1.000000000000E0
  -7.036576036809E-1    1.000000000000E0
  -7.029058327368E-1    1.000000000000E0
  -7.021540617927E-1    1.000000000000E0
  -7.014022908486E-1    1.000000000000E0
  -7.006505199045E-1    1.000000000000E0
  -6.998987489603E-1    1.000000000000E0
  -6.991469780162E-1    1.000000000000E0
  -6.983952070721E-1    1.000000000000E0
  -6.976434361280E-1    1.000000000000E0
  -6.968916651839E-1    1.000000000000E0
  -6.961398942398E-1    1.000000000000E0
  -6.953881232957E-1   -1.000000000000E0
  -6.946363523516E-1   -1.000000000000E0
  -6.938845814075E-1   -1.000000000000E0
  -6.931328104634E-1   -1.000000000000E0
  -6.923810395193E-1   -1.000000000000E0
  -6.916292685752E-1   -1.000000000000E0
  -6.908774976311E-1   -1.000000000000E0
  -6.901257266870E-1   -1.000000000000E0
  -6.893739557429E-1   -1.000000000000E0
  -6.886221847988E-1   -1.000000000000E0
  -6.878704138547E-1   -1.000000000000E0
  -6.871186429106E-1   -1.000000000000E0
  -6.863668719665E-1   -1.000000000000E0
  -6.856151010224E-1   -1.000000000000E0
  -6.848633300783E-1   -1.000000000000E0
  -6.841115591342E-1   -1.000000000000E0
  -6.833597881901E-1    1.000000000000E0
  -6.826080172460E-1    1.000000000000E0
  -6.818562463019E-1    1.000000000000E0
  -6.811044753578E-1    1.000000000000E0
  -6.803527044137E-1    1.000000000000E0
  -6.796009334696E-1    1.000000000000E0
  -6.788491625255E-1    1.000000000000E0
  -6.780973915813E-1    1.000000000000E0
  -6.773456206372E-1    1.000000000000E0
  -6.765938496931E-1    1.000000000000E0
  -6.758420787490E-1    1.000000000000E0
  -6.750903078049E-1    1.000000000000E0
  -6.743385368608E-1    1.000000000000E0
  -6.735867659167E-1    1.000000000000E0
  -6.728349949726E-1    1.000000000000E0
  -6.720832240285E-1    1.000000000000E0
  -6.713314530844E-1   -1.000000000000E0
  -6.705796821403E-1   -1.000000000000E0
  -6.698279111962E-1   -1.000000000000E0
  -6.690761402521E-1   -1.000000000000E0
  -6.683243693080E-1   -1.000000000000E0
  -6.675725983639E-1   -1.000000000000E0
  -6.668208274198E-1   -1.000000000000E0
  -6.660690564757E-1   -1.000000000000E0
  -6.653172855316E-1   -1.000000000000E0
  -6.645655145875E-1   -1.000000000000E0
  -6.638137436434E-1   -1.000000000000E0
  -6.630619726993E-1   -1.000000000000E0
  -6.623102017552E-1   -1.000000000000E0
  -6.615584308111E-1   -1.000000000000E0
  -6.608066598670E-1   -1.000000000000E0
  -6.600548889229E-1    1.000000000000E0
  -6.593031179788E-1    1.000000000000E0
  -6.585513470347E-1    1.000000000000E0
  -6.577995760906E-1    1.000000000000E0
  -6.570478051464E-1    1.000000000000E0
  -6.562960342023E-1    1.000000000000E0
  -6.555442632582E-1    1.000000000000E0
  -6.547924923141E-1    1.000000000000E0
  -6.540407213700E-1    1.000000000000E0
  -6.532889504259E-1    1.000000000000E0
  -6.525371794818E-1    1.000000000000E0
  -6.517854085377E-1    1.000000000000E0
  -6.510336375936E-1    1.000000000000E0
  -6.502818666495E-1    1.000000000000E0
  -6.495300957054E-1    1.000000000000E0
  -6.487783247613E-1    1.000000000000E0
  -6.480265538172E-1   -1.000000000000E0
  -6.472747828731E-1   -1.000000000000E0
  -6.465230119290E-1   -1.000000000000E0
  -6.457712409849E-1   -1.000000000000E0
  -6.450194700408E-1   -1.000000000000E0
  -6.442676990967E-1   -1.000000000000E0
  -6.435159281526E-1   -1.000000000000E0
  -6.427641572085E-1   -1.000000000000E0
  -6.420123862644E-1   -1.000000000000E0
  -6.412606153203E-1   -1.000000000000E0
  -6.405088443762E-1   -1.000000000000E0
  -6.397570734321E-1   -1.000000000000E0
  -6.390053024880E-1   -1.000000000000E0
  -6.382535315439E-1   -1.000000000000E0
  -6.375017605998E-1   -1.000000000000E0
  -6.367499896557E-1    1.000000000000E0
  -6.359982187116E-1    1.000000000000E0
  -6.352464477674E-1    1.000000000000E0
  -6.344946768233E-1    1.000000000000E0
  -6.337429058792E-1    1.000000000000E0
  -6.329911349351E-1    1.000000000000E0
  -6.322393639910E-1    1.000000000000E0
  -6.314875930469E-1    1.000000000000E0
  -6.307358221028E-1    1.000000000000E0
  -6.299840511587E-1    1.000000000000E0
  -6.292322802146E-1    1.000000000000E0
  -6.284805092705E-1    1.000000000000E0
  -6.277287383264E-1    1.000000000000E0
  -6.269769673823E-1    1.000000000000E0
  -6.262251964382E-1    1.000000000000E0
  -6.254734254941E-1    1.000000000000E0
  -6.247216545500E-1   -1.000000000000E0
  -6.239698836059E-1   -1.000000000000E0
  -6.232181126618E-1   -1.000000000000E0
  -6.224663417177E-1   -1.000000000000E0
  -6.217145707736E-1   -1.000000000000E0
  -6.209627998295E-1   -1.000000000000E0
  -6.202110288854E-1   -1.000000000000E0
  -6.194592579413E-1   -1.000000000000E0
  -6.187074869972E-1   -1.000000000000E0
  -6.179557160531E-1   -1.000000000000E0
  -6.172039451090E-1   -1.000000000000E0
  -6.164521741649E-1   -1.000000000000E0
  -6.157004032208E-1   -1.000000000000E0
  -6.149486322767E-1   -1.000000000000E0
  -6.141968613326E-1   -1.000000000000E0
  -6.134450903884E-1    1.000000000000E0
  -6.126933194443E-1    1.000000000000E0
  -6.119415485002E-1    1.000000000000E0
  -6.111897775561E-1    1.000000000000E0
  -6.104380066120E-1    1.000000000000E0
  -6.096862356679E-1    1.000000000000E0
  -6.089344647238E-1    1.000000000000E0
  -6.081826937797E-1    1.000000000000E0
  -6.074309228356E-1    1.000000000000E0
  -6.066791518915E-1    1.000000000000E0
  -6.059273809474E-1    1.000000000000E0
  -6.051756100033E-1    1.000000000000E0
  -6.044238390592E-1    1.000000000000E0
  -6.036720681151E-1    1.000000000000E0
  -6.029202971710E-1    1.000000000000E0
  -6.021685262269E-1   -1.000000000000E0
  -6.014167552828E-1   -1.000000000000E0
  -6.006649843387E-1   -1.000000000000E0
  -5.999132133946E-1   -1.000000000000E0
  -5.991614424505E-1   -1.000000000000E0
  -5.984096715064E-1   -1.000000000000E0
  -5.976579005623E-1   -1.000000000000E0
  -5.969061296182E-1   -1.000000000000E0
  -5.961543586741E-1   -1.000000000000E0
  -5.954025877300E-1   -1.000000000000E0
  -5.946508167859E-1   -1.000000000000E0
  -5.938990458418E-1   -1.000000000000E0
  -5.931472748977E-1   -1.000000000000E0
  -5.923955039535E-1   -1.000000000000E0
  -5.916437330094E-1   -1.000000000000E0
  -5.908919620653E-1    1.000000000000E0
  -5.901401911212E-1    1.000000000000E0
  -5.893884201771E-1    1.000000000000E0
  -5.886366492330E-1    1.000000000000E0
  -5.878848782889E-1    1.000000000000E0
  -5.871331073448E-1    1.000000000000E0
  -5.863813364007E-1    1.000000000000E0
  -5.856295654566E-1    1.000000000000E0
  -5.848777945125E-1    1.000000000000E0
  -5.841260235684E-1    1.000000000000E0
  -5.833742526243E-1    1.000000000000E0
  -5.826224816802E-1    1.000000000000E0
  -5.818707107361E-1    1.000000000000E0
  -5.811189397920E-1    1.000000000000E0
  -5.803671688479E-1   -1.000000000000E0
  -5.796153979038E-1   -1.000000000000E0
  -5.788636269597E-1   -1.000000000000E0
  -5.781118560156E-1   -1.000000000000E0
  -5.773600850715E-1   -1.000000000000E0
  -5.766083141274E-1   -1.000000000000E0
  -5.758565431833E-1   -1.000000000000E0
  -5.751047722392E-1   -1.000000000000E0
  -5.743530012951E-1   -1.000000000000E0
  -5.736012303510E-1   -1.000000000000E0
  -5.728494594069E-1   -1.000000000000E0
  -5.720976884628E-1   -1.000000000000E0
  -5.713459175187E-1   -1.000000000000E0
  -5.705941465745E-1   -1.000000000000E0
  -5.698423756304E-1   -1.000000000000E0
  -5.690906046863E-1    1.000000000000E0
  -5.683388337422E-1    1.000000000000E0
  -5.675870627981E-1    1.000000000000E0
  -5.668352918540E-1    1.000000000000E0
  -5.660835209099E-1    1.000000000000E0
  -5.653317499658E-1    1.000000000000E0
  -5.645799790217E-1    1.000000000000E0
  -5.638282080776E-1    1.000000000000E0
  -5.630764371335E-1    1.000000000000E0
  -5.623246661894E-1    1.000000000000E0
  -5.615728952453E-1    1.000000000000E0
  -5.608211243012E-1    1.000000000000E0
  -5.600693533571E-1    1.000000000000E0
  -5.593175824130E-1    1.000000000000E0
  -5.585658114689E-1   -1.000000000000E0
  -5.578140405248E-1   -1.000000000000E0
  -5.570622695807E-1   -1.000000000000E0
  -5.563104986366E-1   -1.000000000000E0
  -5.555587276925E-1   -1.000000000000E0
  -5.548069567484E-1   -1.000000000000E0
  -5.540551858043E-1   -1.000000000000E0
  -5.533034148602E-1   -1.000000000000E0
  -5.525516439161E-1   -1.000000000000E0
  -5.517998729720E-1   -1.000000000000E0
  -5.510481020279E-1   -1.000000000000E0
  -5.502963310838E-1   -1.000000000000E0
  -5.495445601397E-1   -1.000000000000E0
  -5.487927891955E-1   -1.000000000000E0
  -5.480410182514E-1   -1.000000000000E0
  -5.472892473073E-1    1.000000000000E0
  -5.465374763632E-1    1.000000000000E0
  -5.457857054191E-1    1.000000000000E0
  -5.450339344750E-1    1.000000000000E0
  -5.442821635309E-1    1.000000000000E0
  -5.435303925868E-1    1.000000000000E0
  -5.427786216427E-1    1.000000000000E0
  -5.420268506986E-1    1.000000000000E0
  -5.412750797545E-1    1.000000000000E0
  -5.405233088104E-1    1.000000000000E0
  -5.397715378663E-1    1.000000000000E0
  -5.390197669222E-1    1.000000000000E0
  -5.382679959781E-1    1.000000000000E0
  -5.375162250340E-1    1.000000000000E0
  -5.367644540899E-1   -1.000000000000E0
  -5.360126831458E-1   -1.000000000000E0
  -5.352609122017E-1   -1.000000000000E0
  -5.345091412576E-1   -1.000000000000E0
  -5.337573703135E-1   -1.000000000000E0
  -5.330055993694E-1   -1.000000000000E0
  -5.322538284253E-1   -1.000000000000E0
  -5.315020574812E-1   -1.000000000000E0
  -5.307502865371E-1   -1.000000000000E0
  -5.299985155930E-1   -1.000000000000E0
  -5.292467446489E-1   -1.000000000000E0
  -5.284949737048E-1   -1.000000000000E0
  -5.277432027606E-1   -1.000000000000E0
  -5.269914318165E-1   -1.000000000000E0
  -5.262396608724E-1    1.000000000000E0
  -5.254878899283E-1    1.000000000000E0
  -5.247361189842E-1    1.000000000000E0
  -5.239843480401E-1    1.000000000000E0
  -5.232325770960E-1    1.000000000000E0
  -5.224808061519E-1    1.000000000000E0
  -5.217290352078E-1    1.000000000000E0
  -5.209772642637E-1    1.000000000000E0
  -5.202254933196E-1    1.000000000000E0
  -5.194737223755E-1    1.000000000000E0
  -5.187219514314E-1    1.000000000000E0
  -5.179701804873E-1    1.000000000000E0
  -5.172184095432E-1    1.000000000000E0
  -5.164666385991E-1    1.000000000000E0
  -5.157148676550E-1   -1.000000000000E0
  -5.149630967109E-1   -1.000000000000E0
  -5.142113257668E-1   -1.000000000000E0
  -5.134595548227E-1   -1.000000000000E0
  -5.127077838786E-1   -1.000000000000E0
  -5.119560129345E-1   -1.000000000000E0
  -5.112042419904E-1   -1.000000000000E0
  -5.104524710463E-1   -1.000000000000E0
  -5.097007001022E-1   -1.000000000000E0
  -5.089489291581E-1   -1.000000000000E0
  -5.081971582140E-1   -1.000000000000E0
  -5.074453872699E-1   -1.000000000000E0
  -5.066936163258E-1   -1.000000000000E0
  -5.059418453816E-1    1.000000000000E0
  -5.051900744375E-1    1.000000000000E0
  -5.044383034934E-1    1.000000000000E0
  -5.036865325493E-1    1.000000000000E0
  -5.029347616052E-1    1.000000000000E0
  -5.021829906611E-1    1.000000000000E0
  -5.014312197170E-1    1.000000000000E0
  -5.006794487729E-1    1.000000000000E0
  -4.999276778288E-1    1.000000000000E0
  -4.991759068847E-1    1.000000000000E0
  -4.984241359406E-1    1.000000000000E0
  -4.976723649965E-1    1.000000000000E0
  -4.969205940524E-1    1.000000000000E0
  -4.961688231083E-1    1.000000000000E0
  -4.954170521642E-1   -1.000000000000E0
  -4.946652812201E-1   -1.000000000000E0
  -4.939135102760E-1   -1.000000000000E0
  -4.931617393319E-1   -1.000000000000E0
  -4.924099683878E-1   -1.000000000000E0
  -4.916581974437E-1   -1.000000000000E0
  -4.909064264996E-1   -1.000000000000E0
  -4.901546555555E-1   -1.000000000000E0
  -4.894028846114E-1   -1.000000000000E0
  -4.886511136673E-1   -1.000000000000E0
  -4.878993427232E-1   -1.000000000000E0
  -4.871475717791E-1   -1.000000000000E0
  -4.863958008350E-1   -1.000000000000E0
  -4.856440298909E-1    1.000000000000E0
  -4.848922589468E-1    1.000000000000E0
  -4.841404880026E-1    1.000000000000E0
  -4.833887170585E-1    1.000000000000E0
  -4.826369461144E-1    1.000000000000E0
  -4.818851751703E-1    1.000000000000E0
  -4.811334042262E-1    1.000000000000E0
  -4.803816332821E-1    1.000000000000E0
  -4.796298623380E-1    1.000000000000E0
  -4.788780913939E-1    1.000000000000E0
  -4.781263204498E-1    1.000000000000E0
  -4.773745495057E-1    1.000000000000E0
  -4.766227785616E-1    1.000000000000E0
  -4.758710076175E-1    1.000000000000E0
  -4.751192366734E-1   -1.000000000000E0
  -4.743674657293E-1   -1.000000000000E0
  -4.736156947852E-1   -1.000000000000E0
  -4.728639238411E-1   -1.000000000000E0
  -4.721121528970E-1   -1.000000000000E0
  -4.713603819529E-1   -1.000000000000E0
  -4.706086110088E-1   -1.000000000000E0
  -4.698568400647E-1   -1.000000000000E0
  -4.691050691206E-1   -1.000000000000E0
  -4.683532981765E-1   -1.000000000000E0
  -4.676015272324E-1   -1.000000000000E0
  -4.668497562883E-1   -1.000000000000E0
  -4.660979853442E-1   -1.000000000000E0
  -4.653462144001E-1    1.000000000000E0
  -4.645944434560E-1    1.000000000000E0
  -4.638426725119E-1    1.000000000000E0
  -4.630909015677E-1    1.000000000000E0
  -4.623391306236E-1    1.000000000000E0
  -4.615873596795E-1    1.000000000000E0
  -4.608355887354E-1    1.000000000000E0
  -4.600838177913E-1    1.000000000000E0
  -4.593320468472E-1    1.000000000000E0
  -4.585802759031E-1    1.000000000000E0
  -4.578285049590E-1    1.000000000000E0
  -4.570767340149E-1    1.000000000000E0
  -4.563249630708E-1    1.000000000000E0
  -4.555731921267E-1   -1.000000000000E0
  -4.548214211826E-1   -1.000000000000E0
  -4.540696502385E-1   -1.000000000000E0
  -4.533178792944E-1   -1.000000000000E0
  -4.525661083503E-1   -1.000000000000E0
  -4.518143374062E-1   -1.000000000000E0
  -4.510625664621E-1   -1.000000000000E0
  -4.503107955180E-1   -1.000000000000E0
  -4.495590245739E-1   -1.000000000000E0
  -4.488072536298E-1   -1.000000000000E0
  -4.480554826857E-1   -1.000000000000E0
  -4.473037117416E-1   -1.000000000000E0
  -4.465519407975E-1   -1.000000000000E0
  -4.458001698534E-1    1.000000000000E0
  -4.450483989093E-1    1.000000000000E0
  -4.442966279652E-1    1.000000000000E0
  -4.435448570211E-1    1.000000000000E0
  -4.427930860770E-1    1.000000000000E0
  -4.420413151329E-1    1.000000000000E0
  -4.412895441887E-1    1.000000000000E0
  -4.405377732446E-1    1.000000000000E0
  -4.397860023005E-1    1.000000000000E0
  -4.390342313564E-1    1.000000000000E0
  -4.382824604123E-1    1.000000000000E0
  -4.375306894682E-1    1.000000000000E0
  -4.367789185241E-1    1.000000000000E0
  -4.360271475800E-1   -1.000000000000E0
  -4.352753766359E-1   -1.000000000000E0
  -4.345236056918E-1   -1.000000000000E0
  -4.337718347477E-1   -1.000000000000E0
  -4.330200638036E-1   -1.000000000000E0
  -4.322682928595E-1   -1.000000000000E0
  -4.315165219154E-1   -1.000000000000E0
  -4.307647509713E-1   -1.000000000000E0
  -4.300129800272E-1   -1.000000000000E0
  -4.292612090831E-1   -1.000000000000E0
  -4.285094381390E-1   -1.000000000000E0
  -4.277576671949E-1   -1.000000000000E0
  -4.270058962508E-1    1.000000000000E0
  -4.262541253067E-1    1.000000000000E0
  -4.255023543626E-1    1.000000000000E0
  -4.247505834185E-1    1.000000000000E0
  -4.239988124744E-1    1.000000000000E0
  -4.232470415303E-1    1.000000000000E0
  -4.224952705862E-1    1.000000000000E0
  -4.217434996421E-1    1.000000000000E0
  -4.209917286980E-1    1.000000000000E0
  -4.202399577539E-1    1.000000000000E0
  -4.194881868097E-1    1.000000000000E0
  -4.187364158656E-1    1.000000000000E0
  -4.179846449215E-1    1.000000000000E0
  -4.172328739774E-1   -1.000000000000E0
  -4.164811030333E-1   -1.000000000000E0
  -4.157293320892E-1   -1.000000000000E0
  -4.149775611451E-1   -1.000000000000E0
  -4.142257902010E-1   -1.000000000000E0
  -4.134740192569E-1   -1.000000000000E0
  -4.127222483128E-1   -1.000000000000E0
  -4.119704773687E-1   -1.000000000000E0
  -4.112187064246E-1   -1.000000000000E0
  -4.104669354805E-1   -1.000000000000E0
  -4.097151645364E-1   -1.000000000000E0
  -4.089633935923E-1   -1.000000000000E0
  -4.082116226482E-1    1.000000000000E0
  -4.074598517041E-1    1.000000000000E0
  -4.067080807600E-1    1.000000000000E0
  -4.059563098159E-1    1.000000000000E0
  -4.052045388718E-1    1.000000000000E0
  -4.044527679277E-1    1.000000000000E0
  -4.037009969836E-1    1.000000000000E0
  -4.029492260395E-1    1.000000000000E0
  -4.021974550954E-1    1.000000000000E0
  -4.014456841513E-1    1.000000000000E0
  -4.006939132072E-1    1.000000000000E0
  -3.999421422631E-1    1.000000000000E0
  -3.991903713190E-1   -1.000000000000E0
  -3.984386003748E-1   -1.000000000000E0
  -3.976868294307E-1   -1.000000000000E0
  -3.969350584866E-1   -1.000000000000E0
  -3.961832875425E-1   -1.000000000000E0
  -3.954315165984E-1   -1.000000000000E0
  -3.946797456543E-1   -1.000000000000E0
  -3.939279747102E-1   -1.000000000000E0
  -3.931762037661E-1   -1.000000000000E0
  -3.924244328220E-1   -1.000000000000E0
  -3.916726618779E-1   -1.000000000000E0
  -3.909208909338E-1   -1.000000000000E0
  -3.901691199897E-1    1.000000000000E0
  -3.894173490456E-1    1.000000000000E0
  -3.886655781015E-1    1.000000000000E0
  -3.879138071574E-1    1.000000000000E0
  -3.871620362133E-1    1.000000000000E0
  -3.864102652692E-1    1.000000000000E0
  -3.856584943251E-1    1.000000000000E0
  -3.849067233810E-1    1.000000000000E0
  -3.841549524369E-1    1.000000000000E0
  -3.834031814928E-1    1.000000000000E0
  -3.826514105487E-1    1.000000000000E0
  -3.818996396046E-1    1.000000000000E0
  -3.811478686605E-1   -1.000000000000E0
  -3.803960977164E-1   -1.000000000000E0
  -3.796443267723E-1   -1.000000000000E0
  -3.788925558282E-1   -1.000000000000E0
  -3.781407848841E-1   -1.000000000000E0
  -3.773890139400E-1   -1.000000000000E0
  -3.766372429958E-1   -1.000000000000E0
  -3.758854720517E-1   -1.000000000000E0
  -3.751337011076E-1   -1.000000000000E0
  -3.743819301635E-1   -1.000000000000E0
  -3.736301592194E-1   -1.000000000000E0
  -3.728783882753E-1   -1.000000000000E0
  -3.721266173312E-1    1.000000000000E0
  -3.713748463871E-1    1.000000000000E0
  -3.706230754430E-1    1.000000000000E0
  -3.698713044989E-1    1.000000000000E0
  -3.691195335548E-1    1.000000000000E0
  -3.683677626107E-1    1.000000000000E0
  -3.676159916666E-1    1.000000000000E0
  -3.668642207225E-1    1.000000000000E0
  -3.661124497784E-1    1.000000000000E0
  -3.653606788343E-1    1.000000000000E0
  -3.646089078902E-1    1.000000000000E0
  -3.638571369461E-1    1.000000000000E0
  -3.631053660020E-1   -1.000000000000E0
  -3.623535950579E-1   -1.000000000000E0
  -3.616018241138E-1   -1.000000000000E0
  -3.608500531697E-1   -1.000000000000E0
  -3.600982822256E-1   -1.000000000000E0
  -3.593465112815E-1   -1.000000000000E0
  -3.585947403374E-1   -1.000000000000E0
  -3.578429693933E-1   -1.000000000000E0
  -3.570911984492E-1   -1.000000000000E0
  -3.563394275051E-1   -1.000000000000E0
  -3.555876565610E-1   -1.000000000000E0
  -3.548358856168E-1    1.000000000000E0
  -3.540841146727E-1    1.000000000000E0
  -3.533323437286E-1    1.000000000000E0
  -3.525805727845E-1    1.000000000000E0
  -3.518288018404E-1    1.000000000000E0
  -3.510770308963E-1    1.000000000000E0
  -3.503252599522E-1    1.000000000000E0
  -3.495734890081E-1    1.000000000000E0
  -3.488217180640E-1    1.000000000000E0
  -3.480699471199E-1    1.000000000000E0
  -3.473181761758E-1    1.000000000000E0
  -3.465664052317E-1    1.000000000000E0
  -3.458146342876E-1   -1.000000000000E0
  -3.450628633435E-1   -1.000000000000E0
  -3.443110923994E-1   -1.000000000000E0
  -3.435593214553E-1   -1.000000000000E0
  -3.428075505112E-1   -1.000000000000E0
  -3.420557795671E-1   -1.000000000000E0
  -3.413040086230E-1   -1.000000000000E0
  -3.405522376789E-1   -1.000000000000E0
  -3.398004667348E-1   -1.000000000000E0
  -3.390486957907E-1   -1.000000000000E0
  -3.382969248466E-1   -1.000000000000E0
  -3.375451539025E-1    1.000000000000E0
  -3.367933829584E-1    1.000000000000E0
  -3.360416120143E-1    1.000000000000E0
  -3.352898410702E-1    1.000000000000E0
  -3.345380701261E-1    1.000000000000E0
  -3.337862991819E-1    1.000000000000E0
  -3.330345282378E-1    1.000000000000E0
  -3.322827572937E-1    1.000000000000E0
  -3.315309863496E-1    1.000000000000E0
  -3.307792154055E-1    1.000000000000E0
  -3.300274444614E-1    1.000000000000E0
  -3.292756735173E-1   -1.000000000000E0
  -3.285239025732E-1   -1.000000000000E0
  -3.277721316291E-1   -1.000000000000E0
  -3.270203606850E-1   -1.000000000000E0
  -3.262685897409E-1   -1.000000000000E0
  -3.255168187968E-1   -1.000000000000E0
  -3.247650478527E-1   -1.000000000000E0
  -3.240132769086E-1   -1.000000000000E0
  -3.232615059645E-1   -1.000000000000E0
  -3.225097350204E-1   -1.000000000000E0
  -3.217579640763E-1   -1.000000000000E0
  -3.210061931322E-1    1.000000000000E0
  -3.202544221881E-1    1.000000000000E0
  -3.195026512440E-1    1.000000000000E0
  -3.187508802999E-1    1.000000000000E0
  -3.179991093558E-1    1.000000000000E0
  -3.172473384117E-1    1.000000000000E0
  -3.164955674676E-1    1.000000000000E0
  -3.157437965235E-1    1.000000000000E0
  -3.149920255794E-1    1.000000000000E0
  -3.142402546353E-1    1.000000000000E0
  -3.134884836912E-1    1.000000000000E0
  -3.127367127471E-1   -1.000000000000E0
  -3.119849418029E-1   -1.000000000000E0
  -3.112331708588E-1   -1.000000000000E0
  -3.104813999147E-1   -1.000000000000E0
  -3.097296289706E-1   -1.000000000000E0
  -3.089778580265E-1   -1.000000000000E0
  -3.082260870824E-1   -1.000000000000E0
  -3.074743161383E-1   -1.000000000000E0
  -3.067225451942E-1   -1.000000000000E0
  -3.059707742501E-1   -1.000000000000E0
  -3.052190033060E-1    1.000000000000E0
  -3.044672323619E-1    1.000000000000E0
  -3.037154614178E-1    1.000000000000E0
  -3.029636904737E-1    1.000000000000E0
  -3.022119195296E-1    1.000000000000E0
  -3.014601485855E-1    1.000000000000E0
  -3.007083776414E-1    1.000000000000E0
  -2.999566066973E-1    1.000000000000E0
  -2.992048357532E-1    1.000000000000E0
  -2.984530648091E-1    1.000000000000E0
  -2.977012938650E-1    1.000000000000E0
  -2.969495229209E-1   -1.000000000000E0
  -2.961977519768E-1   -1.000000000000E0
  -2.954459810327E-1   -1.000000000000E0
  -2.946942100886E-1   -1.000000000000E0
  -2.939424391445E-1   -1.000000000000E0
  -2.931906682004E-1   -1.000000000000E0
  -2.924388972563E-1   -1.000000000000E0
  -2.916871263122E-1   -1.000000000000E0
  -2.909353553681E-1   -1.000000000000E0
  -2.901835844239E-1   -1.000000000000E0
  -2.894318134798E-1    1.000000000000E0
  -2.886800425357E-1    1.000000000000E0
  -2.879282715916E-1    1.000000000000E0
  -2.871765006475E-1    1.000000000000E0
  -2.864247297034E-1    1.000000000000E0
  -2.856729587593E-1    1.000000000000E0
  -2.849211878152E-1    1.000000000000E0
  -2.841694168711E-1    1.000000000000E0
  -2.834176459270E-1    1.000000000000E0
  -2.826658749829E-1    1.000000000000E0
  -2.819141040388E-1    1.000000000000E0
  -2.811623330947E-1   -1.000000000000E0
  -2.804105621506E-1   -1.000000000000E0
  -2.796587912065E-1   -1.000000000000E0
  -2.789070202624E-1   -1.000000000000E0
  -2.781552493183E-1   -1.000000000000E0
  -2.774034783742E-1   -1.000000000000E0
  -2.766517074301E-1   -1.000000000000E0
  -2.758999364860E-1   -1.000000000000E0
  -2.751481655419E-1   -1.000000000000E0
  -2.743963945978E-1   -1.000000000000E0
  -2.736446236537E-1    1.000000000000E0
  -2.728928527096E-1    1.000000000000E0
  -2.721410817655E-1    1.000000000000E0
  -2.713893108214E-1    1.000000000000E0
  -2.706375398773E-1    1.000000000000E0
  -2.698857689332E-1    1.000000000000E0
  -2.691339979890E-1    1.000000000000E0
  -2.683822270449E-1    1.000000000000E0
  -2.676304561008E-1    1.000000000000E0
  -2.668786851567E-1    1.000000000000E0
  -2.661269142126E-1   -1.000000000000E0
  -2.653751432685E-1   -1.000000000000E0
  -2.646233723244E-1   -1.000000000000E0
  -2.638716013803E-1   -1.000000000000E0
  -2.631198304362E-1   -1.000000000000E0
  -2.623680594921E-1   -1.000000000000E0
  -2.616162885480E-1   -1.000000000000E0
  -2.608645176039E-1   -1.000000000000E0
  -2.601127466598E-1   -1.000000000000E0
  -2.593609757157E-1   -1.000000000000E0
  -2.586092047716E-1    1.000000000000E0
  -2.578574338275E-1    1.000000000000E0
  -2.571056628834E-1    1.000000000000E0
  -2.563538919393E-1    1.000000000000E0
  -2.556021209952E-1    1.000000000000E0
  -2.548503500511E-1    1.000000000000E0
  -2.540985791070E-1    1.000000000000E0
  -2.533468081629E-1    1.000000000000E0
  -2.525950372188E-1    1.000000000000E0
  -2.518432662747E-1   -1.000000000000E0
  -2.510914953306E-1   -1.000000000000E0
  -2.503397243865E-1   -1.000000000000E0
  -2.495879534424E-1   -1.000000000000E0
  -2.488361824983E-1   -1.000000000000E0
  -2.480844115542E-1   -1.000000000000E0
  -2.473326406100E-1   -1.000000000000E0
  -2.465808696659E-1   -1.000000000000E0
  -2.458290987218E-1   -1.000000000000E0
  -2.450773277777E-1   -1.000000000000E0
  -2.443255568336E-1    1.000000000000E0
  -2.435737858895E-1    1.000000000000E0
  -2.428220149454E-1    1.000000000000E0
  -2.420702440013E-1    1.000000000000E0
  -2.413184730572E-1    1.000000000000E0
  -2.405667021131E-1    1.000000000000E0
  -2.398149311690E-1    1.000000000000E0
  -2.390631602249E-1    1.000000000000E0
  -2.383113892808E-1    1.000000000000E0
  -2.375596183367E-1   -1.000000000000E0
  -2.368078473926E-1   -1.000000000000E0
  -2.360560764485E-1   -1.000000000000E0
  -2.353043055044E-1   -1.000000000000E0
  -2.345525345603E-1   -1.000000000000E0
  -2.338007636162E-1   -1.000000000000E0
  -2.330489926721E-1   -1.000000000000E0
  -2.322972217280E-1   -1.000000000000E0
  -2.315454507839E-1   -1.000000000000E0
  -2.307936798398E-1   -1.000000000000E0
  -2.300419088957E-1    1.000000000000E0
  -2.292901379516E-1    1.000000000000E0
  -2.285383670075E-1    1.000000000000E0
  -2.277865960634E-1    1.000000000000E0
  -2.270348251193E-1    1.000000000000E0
  -2.262830541752E-1    1.000000000000E0
  -2.255312832310E-1    1.000000000000E0
  -2.247795122869E-1    1.000000000000E0
  -2.240277413428E-1    1.000000000000E0
  -2.232759703987E-1   -1.000000000000E0
  -2.225241994546E-1   -1.000000000000E0
  -2.217724285105E-1   -1.000000000000E0
  -2.210206575664E-1   -1.000000000000E0
  -2.202688866223E-1   -1.000000000000E0
  -2.195171156782E-1   -1.000000000000E0
  -2.187653447341E-1   -1.000000000000E0
  -2.180135737900E-1   -1.000000000000E0
  -2.172618028459E-1   -1.000000000000E0
  -2.165100319018E-1    1.000000000000E0
  -2.157582609577E-1    1.000000000000E0
  -2.150064900136E-1    1.000000000000E0
  -2.142547190695E-1    1.000000000000E0
  -2.135029481254E-1    1.000000000000E0
  -2.127511771813E-1    1.000000000000E0
  -2.119994062372E-1    1.000000000000E0
  -2.112476352931E-1    1.000000000000E0
  -2.104958643490E-1    1.000000000000E0
  -2.097440934049E-1   -1.000000000000E0
  -2.089923224608E-1   -1.000000000000E0
  -2.082405515167E-1   -1.000000000000E0
  -2.074887805726E-1   -1.000000000000E0
  -2.067370096285E-1   -1.000000000000E0
  -2.059852386844E-1   -1.000000000000E0
  -2.052334677403E-1   -1.000000000000E0
  -2.044816967961E-1   -1.000000000000E0
  -2.037299258520E-1    1.000000000000E0
  -2.029781549079E-1    1.000000000000E0
  -2.022263839638E-1    1.000000000000E0
  -2.014746130197E-1    1.000000000000E0
  -2.007228420756E-1    1.000000000000E0
  -1.999710711315E-1    1.000000000000E0
  -1.992193001874E-1    1.000000000000E0
  -1.984675292433E-1    1.000000000000E0
  -1.977157582992E-1    1.000000000000E0
  -1.969639873551E-1   -1.000000000000E0
  -1.962122164110E-1   -1.000000000000E0
  -1.954604454669E-1   -1.000000000000E0
  -1.947086745228E-1   -1.000000000000E0
  -1.939569035787E-1   -1.000000000000E0
  -1.932051326346E-1   -1.000000000000E0
  -1.924533616905E-1   -1.000000000000E0
  -1.917015907464E-1   -1.000000000000E0
  -1.909498198023E-1    1.000000000000E0
  -1.901980488582E-1    1.000000000000E0
  -1.894462779141E-1    1.000000000000E0
  -1.886945069700E-1    1.000000000000E0
  -1.879427360259E-1    1.000000000000E0
  -1.871909650818E-1    1.000000000000E0
  -1.864391941377E-1    1.000000000000E0
  -1.856874231936E-1    1.000000000000E0
  -1.849356522495E-1    1.000000000000E0
  -1.841838813054E-1   -1.000000000000E0
  -1.834321103613E-1   -1.000000000000E0
  -1.826803394171E-1   -1.000000000000E0
  -1.819285684730E-1   -1.000000000000E0
  -1.811767975289E-1   -1.000000000000E0
  -1.804250265848E-1   -1.000000000000E0
  -1.796732556407E-1   -1.000000000000E0
  -1.789214846966E-1   -1.000000000000E0
  -1.781697137525E-1    1.000000000000E0
  -1.774179428084E-1    1.000000000000E0
  -1.766661718643E-1    1.000000000000E0
  -1.759144009202E-1    1.000000000000E0
  -1.751626299761E-1    1.000000000000E0
  -1.744108590320E-1    1.000000000000E0
  -1.736590880879E-1    1.000000000000E0
  -1.729073171438E-1    1.000000000000E0
  -1.721555461997E-1   -1.000000000000E0
  -1.714037752556E-1   -1.000000000000E0
  -1.706520043115E-1   -1.000000000000E0
  -1.699002333674E-1   -1.000000000000E0
  -1.691484624233E-1   -1.000000000000E0
  -1.683966914792E-1   -1.000000000000E0
  -1.676449205351E-1   -1.000000000000E0
  -1.668931495910E-1   -1.000000000000E0
  -1.661413786469E-1    1.000000000000E0
  -1.653896077028E-1    1.000000000000E0
  -1.646378367587E-1    1.000000000000E0
  -1.638860658146E-1    1.000000000000E0
  -1.631342948705E-1    1.000000000000E0
  -1.623825239264E-1    1.000000000000E0
  -1.616307529823E-1    1.000000000000E0
  -1.608789820381E-1    1.000000000000E0
  -1.601272110940E-1   -1.000000000000E0
  -1.593754401499E-1   -1.000000000000E0
  -1.586236692058E-1   -1.000000000000E0
  -1.578718982617E-1   -1.000000000000E0
  -1.571201273176E-1   -1.000000000000E0
  -1.563683563735E-1   -1.000000000000E0
  -1.556165854294E-1   -1.000000000000E0
  -1.548648144853E-1    1.000000000000E0
  -1.541130435412E-1    1.000000000000E0
  -1.533612725971E-1    1.000000000000E0
  -1.526095016530E-1    1.000000000000E0
  -1.518577307089E-1    1.000000000000E0
  -1.511059597648E-1    1.000000000000E0
  -1.503541888207E-1    1.000000000000E0
  -1.496024178766E-1    1.000000000000E0
  -1.488506469325E-1   -1.000000000000E0
  -1.480988759884E-1   -1.000000000000E0
  -1.473471050443E-1   -1.000000000000E0
  -1.465953341002E-1   -1.000000000000E0
  -1.458435631561E-1   -1.000000000000E0
  -1.450917922120E-1   -1.000000000000E0
  -1.443400212679E-1   -1.000000000000E0
  -1.435882503238E-1    1.000000000000E0
  -1.428364793797E-1    1.000000000000E0
  -1.420847084356E-1    1.000000000000E0
  -1.413329374915E-1    1.000000000000E0
  -1.405811665474E-1    1.000000000000E0
  -1.398293956032E-1    1.000000000000E0
  -1.390776246591E-1    1.000000000000E0
  -1.383258537150E-1   -1.000000000000E0
  -1.375740827709E-1   -1.000000000000E0
  -1.368223118268E-1   -1.000000000000E0
  -1.360705408827E-1   -1.000000000000E0
  -1.353187699386E-1   -1.000000000000E0
  -1.345669989945E-1   -1.000000000000E0
  -1.338152280504E-1   -1.000000000000E0
  -1.330634571063E-1    1.000000000000E0
  -1.323116861622E-1    1.000000000000E0
  -1.315599152181E-1    1.000000000000E0
  -1.308081442740E-1    1.000000000000E0
  -1.300563733299E-1    1.000000000000E0
  -1.293046023858E-1    1.000000000000E0
  -1.285528314417E-1    1.000000000000E0
  -1.278010604976E-1   -1.000000000000E0
  -1.270492895535E-1   -1.000000000000E0
  -1.262975186094E-1   -1.000000000000E0
  -1.255457476653E-1   -1.000000000000E0
  -1.247939767212E-1   -1.000000000000E0
  -1.240422057771E-1   -1.000000000000E0
  -1.232904348330E-1   -1.000000000000E0
  -1.225386638889E-1    1.000000000000E0
  -1.217868929448E-1    1.000000000000E0
  -1.210351220007E-1    1.000000000000E0
  -1.202833510566E-1    1.000000000000E0
  -1.195315801125E-1    1.000000000000E0
  -1.187798091684E-1    1.000000000000E0
  -1.180280382242E-1    1.000000000000E0
  -1.172762672801E-1   -1.000000000000E0
  -1.165244963360E-1   -1.000000000000E0
  -1.157727253919E-1   -1.000000000000E0
  -1.150209544478E-1   -1.000000000000E0
  -1.142691835037E-1   -1.000000000000E0
  -1.135174125596E-1   -1.000000000000E0
  -1.127656416155E-1    1.000000000000E0
  -1.120138706714E-1    1.000000000000E0
  -1.112620997273E-1    1.000000000000E0
  -1.105103287832E-1    1.000000000000E0
  -1.097585578391E-1    1.000000000000E0
  -1.090067868950E-1    1.000000000000E0
  -1.082550159509E-1    1.000000000000E0
  -1.075032450068E-1   -1.000000000000E0
  -1.067514740627E-1   -1.000000000000E0
  -1.059997031186E-1   -1.000000000000E0
  -1.052479321745E-1   -1.000000000000E0
  -1.044961612304E-1   -1.000000000000E0
  -1.037443902863E-1   -1.000000000000E0
  -1.029926193422E-1    1.000000000000E0
  -1.022408483981E-1    1.000000000000E0
  -1.014890774540E-1    1.000000000000E0
  -1.007373065099E-1    1.000000000000E0
  -9.998553556576E-2    1.000000000000E0
  -9.923376462166E-2    1.000000000000E0
  -9.848199367756E-2   -1.000000000000E0
  -9.773022273345E-2   -1.000000000000E0
  -9.697845178935E-2   -1.000000000000E0
  -9.622668084525E-2   -1.000000000000E0
  -9.547490990114E-2   -1.000000000000E0
  -9.472313895704E-2   -1.000000000000E0
  -9.397136801294E-2    1.000000000000E0
  -9.321959706883E-2    1.000000000000E0
  -9.246782612473E-2    1.000000000000E0
  -9.171605518063E-2    1.000000000000E0
  -9.096428423652E-2    1.000000000000E0
  -9.021251329242E-2    1.000000000000E0
  -8.946074234832E-2   -1.000000000000E0
  -8.870897140421E-2   -1.000000000000E0
  -8.795720046011E-2   -1.000000000000E0
  -8.720542951600E-2   -1.000000000000E0
  -8.645365857190E-2   -1.000000000000E0
  -8.570188762780E-2   -1.000000000000E0
  -8.495011668369E-2    1.000000000000E0
  -8.419834573959E-2    1.000000000000E0
  -8.344657479549E-2    1.000000000000E0
  -8.269480385138E-2    1.000000000000E0
  -8.194303290728E-2    1.000000000000E0
  -8.119126196318E-2   -1.000000000000E0
  -8.043949101907E-2   -1.000000000000E0
  -7.968772007497E-2   -1.000000000000E0
  -7.893594913087E-2   -1.000000000000E0
  -7.818417818676E-2   -1.000000000000E0
  -7.743240724266E-2   -1.000000000000E0
  -7.668063629856E-2    1.000000000000E0
  -7.592886535445E-2    1.000000000000E0
  -7.517709441035E-2    1.000000000000E0
  -7.442532346625E-2    1.000000000000E0
  -7.367355252214E-2    1.000000000000E0
  -7.292178157804E-2   -1.000000000000E0
  -7.217001063394E-2   -1.000000000000E0
  -7.141823968983E-2   -1.000000000000E0
  -7.066646874573E-2   -1.000000000000E0
  -6.991469780162E-2   -1.000000000000E0
  -6.916292685752E-2    1.000000000000E0
  -6.841115591342E-2    1.000000000000E0
  -6.765938496931E-2    1.000000000000E0
  -6.690761402521E-2    1.000000000000E0
  -6.615584308111E-2    1.000000000000E0
  -6.540407213700E-2   -1.000000000000E0
  -6.465230119290E-2   -1.000000000000E0
  -6.390053024880E-2   -1.000000000000E0
  -6.314875930469E-2   -1.000000000000E0
  -6.239698836059E-2   -1.000000000000E0
  -6.164521741649E-2    1.000000000000E0
  -6.089344647238E-2    1.000000000000E0
  -6.014167552828E-2    1.000000000000E0
  -5.938990458418E-2    1.000000000000E0
  -5.863813364007E-2    1.000000000000E0
  -5.788636269597E-2   -1.000000000000E0
  -5.713459175187E-2   -1.000000000000E0
  -5.638282080776E-2   -1.000000000000E0
  -5.563104986366E-2   -1.000000000000E0
  -5.487927891955E-2    1.000000000000E0
  -5.412750797545E-2    1.000000000000E0
  -5.337573703135E-2    1.000000000000E0
  -5.262396608724E-2    1.000000000000E0
  -5.187219514314E-2    1.000000000000E0
  -5.112042419904E-2   -1.000000000000E0
  -5.036865325493E-2   -1.000000000000E0
  -4.961688231083E-2   -1.000000000000E0
  -4.886511136673E-2   -1.000000000000E0
  -4.811334042262E-2    1.000000000000E0
  -4.736156947852E-2    1.000000000000E0
  -4.660979853442E-2    1.000000000000E0
  -4.585802759031E-2    1.000000000000E0
  -4.510625664621E-2   -1.000000000000E0
  -4.435448570211E-2   -1.000000000000E0
  -4.360271475800E-2   -1.000000000000E0
  -4.285094381390E-2   -1.000000000000E0
  -4.209917286980E-2    1.000000000000E0
  -4.134740192569E-2    1.000000000000E0
  -4.059563098159E-2    1.000000000000E0
  -3.984386003748E-2    1.000000000000E0
  -3.909208909338E-2   -1.000000000000E0
  -3.834031814928E-2   -1.000000000000E0
  -3.758854720517E-2   -1.000000000000E0
  -3.683677626107E-2   -1.000000000000E0
  -3.608500531697E-2    1.000000000000E0
  -3.533323437286E-2    1.000000000000E0
  -3.458146342876E-2    1.000000000000E0
  -3.382969248466E-2   -1.000000000000E0
  -3.307792154055E-2   -1.000000000000E0
  -3.232615059645E-2   -1.000000000000E0
  -3.157437965235E-2   -1.000000000000E0
  -3.082260870824E-2    1.000000000000E0
  -3.007083776414E-2    1.000000000000E0
  -2.931906682004E-2    1.000000000000E0
  -2.856729587593E-2   -1.000000000000E0
  -2.781552493183E-2   -1.000000000000E0
  -2.706375398773E-2   -1.000000000000E0
  -2.631198304362E-2    1.000000000000E0
  -2.556021209952E-2    1.000000000000E0
  -2.480844115542E-2    1.000000000000E0
  -2.405667021131E-2   -1.000000000000E0
  -2.330489926721E-2   -1.000000000000E0
  -2.255312832310E-2   -1.000000000000E0
  -2.180135737900E-2    1.000000000000E0
  -2.104958643490E-2    1.000000000000E0
  -2.029781549079E-2    1.000000000000E0
  -1.954604454669E-2   -1.000000000000E0
  -1.879427360259E-2   -1.000000000000E0
  -1.804250265848E-2   -1.000000000000E0
  -1.729073171438E-2    1.000000000000E0
  -1.653896077028E-2    1.000000000000E0
  -1.578718982617E-2   -1.000000000000E0
  -1.503541888207E-2   -1.000000000000E0
  -1.428364793797E-2   -1.000000000000E0
  -1.353187699386E-2    1.000000000000E0
  -1.278010604976E-2    1.000000000000E0
  -1.202833510566E-2   -1.000000000000E0
  -1.127656416155E-2   -1.000000000000E0
  -1.052479321745E-2    1.000000000000E0
  -9.773022273345E-3    1.000000000000E0
  -9.021251329242E-3   -1.000000000000E0
  -8.269480385138E-3   -1.000000000000E0
  -7.517709441035E-3    1.000000000000E0
  -6.765938496931E-3   -1.000000000000E0
  -6.014167552828E-3   -1.000000000000E0
  -5.262396608724E-3    1.000000000000E0
  -4.510625664621E-3   -1.000000000000E0
  -3.758854720517E-3    1.000000000000E0
  -3.007083776414E-3    1.000000000000E0
  -2.255312832311E-3   -1.000000000000E0
  -1.503541888207E-3   -1.000000000000E0
  -7.517709441035E-4    1.000000000000E0
    0.000000000000E0   -1.000000000000E0
